created: 20250216010325584
modified: 20250216010332840
revision: 3
title: $:/state/temp/tidme/read/方法不是教条，不要成为原教旨主义者

(105,111.66668701171875,105.00001525878906,20)