annotate-colour: dodgerblue
created: 20250215142031986
difficulty: 3.2357139999999993
due: 20280505090408384
elapsed_days: 296.2193447222222
lapses: 0
last_review: 20251212090408384
modified: 20250219034818930
reps: 4
scheduled_days: 875
stability: 875.4823903377019
state: 2
tags: 想法 TiddlyWiki
title: 2025-2-15 增加所见即所得插件
wysiwyg: yes

现在所见即所得插件比之前要好用了

不会出现动不动就内部报错的情况，可以说很欣慰了  