annotate-colour: dodgerblue
created: 20250617114801321
difficulty: 4.078599999999999
due: 20260806071919049
elapsed_days: 61.05034686342593
lapses: 0
last_review: 20260307071919049
modified: 20250617114840477
reps: 3
scheduled_days: 152
stability: 152.00423286746667
state: 2
tags: ? 缩略语
title: ADU

应用数据单元