annotate-colour: dodgerblue
created: 20241124015006271
difficulty: 2.31442
due: 20251009032411811
elapsed_days: 42.95823434027778
lapses: 0
last_review: 20250113032411811
modified: 20250227132221842
reps: 3
scheduled_days: 269
stability: 269.2305983637552
state: 2
tags: anki supermemo
title: anki和supermemo的关系
type: text/vnd.tiddlywiki

anki适合速记的内容，supermemo适合导入文章渐进阅读，两者功能并不重复

anki优势可以随时随地碎片时间刷卡，但是知识不成体系

supermemo在pc端，复习的时候随时修改并记录自己的想法，并且supermemo有自己的知识结构，方便找到原来的出处