annotate-colour: dodgerblue
created: 20250611141104757
difficulty: 3.2357139999999993
due: 20281109071309542
elapsed_days: 218.67831108796295
lapses: 0
last_review: 20260307071309542
modified: 20250612003844256
reps: 4
scheduled_days: 978
stability: 978.2031235306803
state: 2
tags: anki ? 积极
title: anki-记录闪光点
type: text/vnd.tiddlywiki

遗忘闪光点的时候，它会告诉你，你在过去的某一天多么幸运和幸福

记忆中的过往被修正，自己也在改变，被重塑，过去有好事发生，心态也会变得积极