annotate-colour: dodgerblue
created: 20241124015006271
difficulty: 3.148
due: 20250111042420364
elapsed_days: 5.597460185185185
lapses: 0
last_review: 20241201042420364
modified: 20241125140348033
reps: 2
scheduled_days: 41
stability: 40.885972854297776
state: 2
tags: 想法 anki supermemo ?
title: anki和supermemo的关系
type: text/vnd.tiddlywiki

anki适合速记的内容，supermemo适合导入文章渐进阅读，两者功能并不重复

anki优势可以随时随地碎片时间刷卡，但是知识不成体系

supermemo在pc端，复习的时候随时修改并记录自己的想法，并且supermemo有自己的知识结构，方便找到原来的出处