annotate-colour: dodgerblue
created: 20250407144908745
difficulty: 4.843077999999998
due: 20251225145524327
elapsed_days: 56.554789247685186
lapses: 1
last_review: 20250731145524327
modified: 20250407144943570
reps: 4
scheduled_days: 147
stability: 146.70532208445425
state: 2
tags: 内存段 ?
title: bin文件组成
type: text/markdown