annotate-colour: dodgerblue
created: 20250407144908745
difficulty: 3.9925472199999987
due: 20280813071810162
elapsed_days: 218.6824749074074
lapses: 1
last_review: 20260307071810162
modified: 20250407144943570
reps: 5
scheduled_days: 890
stability: 890.1817506651523
state: 2
tags: 内存段 ?
title: bin文件组成
type: text/markdown