annotate-colour: dodgerblue
created: 20250407143408987
difficulty: 5.7021999999999995
due: 20250519035414059
elapsed_days: 0.1352277662037037
lapses: 1
last_review: 20250515035414059
modified: 20250515035402488
reps: 4
scheduled_days: 4
stability: 3.099517482910308
state: 2
tags: 段的概念 ?
title: BSS段/ZI段
type: text/markdown