annotate-colour: orange
created: 20250407143408987
difficulty: 5.7021999999999995
due: 20250515004930380
elapsed_days: 2.0025438657407406
lapses: 1
last_review: 20250515003930380
modified: 20250407143439505
reps: 3
scheduled_days: 0
stability: 3.099517482910308
state: 3
tags: 段的概念 ?
title: BSS段/ZI段
type: text/markdown