annotate-colour: red
created: 20250407143408987
difficulty: 5.7021999999999995
due: 20250513004050592
elapsed_days: 34.99443486111111
lapses: 1
last_review: 20250513003550592
modified: 20250407143439505
reps: 2
scheduled_days: 0
stability: 3.099517482910308
state: 3
tags: 段的概念 ?
title: BSS段/ZI段
type: text/markdown