annotate-colour: dodgerblue
created: 20250513122805832
difficulty: 4.078599999999999
due: 20260807071915569
elapsed_days: 61.83132214120371
lapses: 0
last_review: 20260307071915569
modified: 20260104025011628
reps: 3
scheduled_days: 153
stability: 152.6922537028125
state: 2
tags: ?
title: CS

（Chip Select，片选）