annotate-colour: orange
created: 20250604121240436
difficulty: 5.7814
due: 20250830033335578
elapsed_days: 60.12112409722222
lapses: 0
last_review: 20250811033335578
modified: 20250604121844876
reps: 3
scheduled_days: 19
stability: 18.930067040264138
state: 2
tags: ?
title: C语言浮点数