annotate-colour: green
created: 20250604121240436
difficulty: 5.772885999999999
due: 20260701061151846
elapsed_days: 147.1099105324074
lapses: 0
last_review: 20260105061151846
modified: 20260105061151144
reps: 4
scheduled_days: 177
stability: 177.44334802410805
state: 2
tags: 
title: C语言浮点数