annotate-colour: dodgerblue
created: 20250514152222058
difficulty: 3.148
due: 20270114060813855
elapsed_days: 147.1051583912037
lapses: 0
last_review: 20260105060813855
modified: 20250514152248691
reps: 2
scheduled_days: 374
stability: 374.4177763475548
state: 2
tags: HAL ?
title: DeInit()函数做了什么
type: text/markdown