annotate-colour: dodgerblue
created: 20241202133140416
creator: mxlcola
difficulty: 3.148
due: 20250123080948013
elapsed_days: 6.316799965277778
lapses: 0
last_review: 20241209080948013
modified: 20241202133422387
modifier: mxlcola
reps: 2
revision: 0
scheduled_days: 45
stability: 45.116094049912036
state: 2
tags: DMA ?
title: DMA搬运什么东西？从哪里到哪里？
type: text/markdown