annotate-colour: dodgerblue
created: 20241202133140416
creator: mxlcola
difficulty: 2.31442
due: 20260527125133104
elapsed_days: 81.19566078703704
lapses: 0
last_review: 20250228125133104
modified: 20241202133422387
modifier: mxlcola
reps: 3
scheduled_days: 453
stability: 453.26719364277665
state: 2
tags: DMA ?
title: DMA搬运什么东西？从哪里到哪里？
type: text/markdown