annotate-colour: green
created: 20250613113004854
difficulty: 4.087113999999999
due: 20270201035546484
elapsed_days: 174.0101285648148
lapses: 0
last_review: 20260201035546484
modified: 20250717022345599
reps: 4
scheduled_days: 365
stability: 365.4979251513058
state: 2
tags: ? 潜意识 压力 焦虑
title: DMN

侧重于「回忆和反刍」

''当你以为自己「什么也没做」时，大脑其实依然在后台一刻不停地活跃，依然在消耗着我们的能量，你依然没有得到真正的休息。''

DMN的过度活跃，很容易激活我们的[[杏仁核]]，让我们回想起种种负面的担忧、焦虑和烦恼。它们本来已经潜藏进意识深处了，但又被DMN给「拎」了出来，继续飘荡在脑海中 —— 这会进一步加剧我们的压力，让我们感到更加疲惫不堪。 