annotate-colour: dodgerblue
created: 20250219034439929
difficulty: 4.929914859999998
due: 20260209053013880
elapsed_days: 61.202298148148145
lapses: 1
last_review: 20250812053013880
modified: 20250219034835921
reps: 6
scheduled_days: 181
stability: 180.98129303799243
state: 2
tags: ESP32 蓝牙 电路原理 ?
title: ESP32 蓝牙固件烧录异常
type: text/markdown