annotate-colour: green
created: 20250514135039930
difficulty: 6.615771999999998
due: 20260304060918682
elapsed_days: 138.01956252314815
lapses: 1
last_review: 20260105060918682
modified: 20250612004012582
reps: 5
scheduled_days: 58
stability: 57.91650913752129
state: 2
tags: FMC LCD ? 内存映射
title: FMC与LCD连接原理
type: text/markdown