annotate-colour: dodgerblue
created: 20241113142913834
creator: mxlcola
difficulty: 3.2357139999999993
due: 20250722085157152
elapsed_days: 36.779740324074076
lapses: 0
last_review: 20241226085157152
modified: 20241113143308389
modifier: mxlcola
reps: 4
revision: 0
scheduled_days: 208
stability: 207.67085706235943
state: 2
tags: GTD ?
title: GTD≠把事情做完
type: text/vnd.tiddlywiki

''GTD是处理事情的流程''，而不是把事情做完

真正的生产力，不该由实现目标的数量衡量，而是由本质有价值的结果来衡量

