annotate-colour: red
created: 20250514151502499
difficulty: 5.7021999999999995
due: 20250628063034800
elapsed_days: 44.03182810185185
lapses: 1
last_review: 20250628062534800
modified: 20250514151741465
reps: 2
scheduled_days: 0
stability: 3.3270504162057577
state: 3
tags: FMC ? HAL
title: HAL 库对 FMC 的支持内容
type: text/markdown