annotate-colour: dodgerblue
created: 20250514151502499
difficulty: 5.7021999999999995
due: 20250727133637199
elapsed_days: 6.466646284722223
lapses: 1
last_review: 20250723133637199
modified: 20250514151741465
reps: 4
scheduled_days: 4
stability: 3.3270504162057577
state: 2
tags: FMC ? HAL
title: HAL 库对 FMC 的支持内容
type: text/markdown