annotate-colour: dodgerblue
created: 20250327085731907
difficulty: 8.4047496388
due: 20260401060843552
elapsed_days: 143.11685974537036
lapses: 1
last_review: 20260105060843552
modified: 20260105060842745
reps: 9
scheduled_days: 86
stability: 85.93467853322149
state: 2
tags: HardFault问题 ? 寄存器 PSP MSP
title: HardFault发生时MCU 做了什么？
type: text/markdown