annotate-colour: dodgerblue
created: 20250326134739342
difficulty: 3.1665189400000004
due: 20280830101000454
elapsed_days: 211.967038125
lapses: 0
last_review: 20260108101000454
modified: 20250610105719498
reps: 4
scheduled_days: 965
stability: 965.2521247497748
state: 2
tags: HardFault问题 ?
title: hardfalt错误种类
type: text/markdown