annotate-colour: orange
created: 20250327085731907
difficulty: 9.29984812
due: 20250731150448764
elapsed_days: 4.088420694444444
lapses: 1
last_review: 20250731145448764
modified: 20250327085810821
reps: 6
scheduled_days: 0
stability: 4.8820842367247606
state: 3
tags: HardFault问题 ?
title: HardFault发生时MCU 做了什么？
type: text/markdown