annotate-colour: red
created: 20250327085731907
difficulty: 9.29984812
due: 20250727125229218
elapsed_days: 73.50495340277777
lapses: 1
last_review: 20250727124729218
modified: 20250327085810821
reps: 5
scheduled_days: 0
stability: 4.8820842367247606
state: 3
tags: HardFault问题 ?
title: HardFault发生时MCU 做了什么？
type: text/markdown