annotate-colour: dodgerblue
created: 20250514152313650
difficulty: 4.078599999999999
due: 20260806071932173
elapsed_days: 61.05029616898148
lapses: 0
last_review: 20260307071932173
modified: 20250514152404090
reps: 3
scheduled_days: 152
stability: 152.0041878366408
state: 2
tags: HAL ?
title: Init DeInit 对硬件有什么实际影响
type: text/markdown