annotate-colour: red
created: 20250327134305327
difficulty: 5.789913999999999
due: 20250617135722085
elapsed_days: 73.33828186342592
lapses: 1
last_review: 20250617135222085
modified: 20250327134327234
reps: 4
scheduled_days: 0
stability: 6.404181500926534
state: 3
tags: 寄存器 ?
title: LR寄存器
type: text/vnd.tiddlywiki

LR (Link Register): 链接寄存器，保存了异常发生前的返回地址