annotate-colour: dodgerblue
created: 20250327134305327
difficulty: 4.078599999999999
due: 20250516054514533
elapsed_days: 6.923368321759259
lapses: 0
last_review: 20250405054514533
modified: 20250327134327234
reps: 3
scheduled_days: 41
stability: 40.65080875106029
state: 2
tags: 寄存器 ?
title: LR寄存器
type: text/vnd.tiddlywiki

LR (Link Register): 链接寄存器，保存了异常发生前的返回地址