annotate-colour: dodgerblue
created: 20250327134305327
difficulty: 4.929914859999998
due: 20251203034017603
elapsed_days: 28.078395983796295
lapses: 1
last_review: 20250811034017603
modified: 20250714014701916
reps: 6
scheduled_days: 114
stability: 113.84254655455562
state: 2
tags: 寄存器 ? 异常
title: LR寄存器
type: text/vnd.tiddlywiki

LR (Link Register): 链接寄存器，保存了异常发生前的返回地址