annotate-colour: dodgerblue
created: 20250327134305327
difficulty: 4.078515711399997
due: 20280607071036302
elapsed_days: 208.14604974537036
lapses: 1
last_review: 20260307071036302
modified: 20250818144421169
reps: 7
scheduled_days: 823
stability: 823.2660406335075
state: 2
tags: 寄存器 ? 异常 LR
title: LR寄存器
type: text/vnd.tiddlywiki

LR (Link Register): 链接寄存器，保存了异常发生前的返回地址