annotate-colour: dodgerblue
created: 20241104141147462
creator: mxlcola
difficulty: 3.148
due: 20250101150134373
elapsed_days: 7.11162417824074
lapses: 0
last_review: 20241112150134373
modified: 20241112150106033
modifier: mxlcola
reps: 2
scheduled_days: 50
stability: 49.72041241061514
state: 2
tags: ?
title: LR链接寄存器

''用途''：链接寄存器（Link Register）。

''特点''：R14用于''存储子程序调用的返回地址''。在调用函数时，当前指令地址会被保存到R14，以便在函数结束后能够正确返回调用位置。