annotate-colour: green
created: 20241104141147462
creator: mxlcola
difficulty: 3.16582
due: 20251005125412429
elapsed_days: 95.91155158564816
lapses: 0
last_review: 20250216125412429
modified: 20241112150106033
modifier: mxlcola
reps: 3
scheduled_days: 231
stability: 230.64917858101992
state: 2
tags: ?
title: LR链接寄存器

''用途''：链接寄存器（Link Register）。

''特点''：R14用于''存储子程序调用的返回地址''。在调用函数时，当前指令地址会被保存到R14，以便在函数结束后能够正确返回调用位置。