annotate-colour: dodgerblue
created: 20241104141147462
creator: mxlcola
difficulty: 2.3320618000000004
due: 20300406001148115
elapsed_days: 323.47055193287036
lapses: 0
last_review: 20260106001148115
modified: 20250818144408001
modifier: mxlcola
reps: 4
scheduled_days: 1551
stability: 1550.5963644865333
state: 2
tags: ? LR
title: LR链接寄存器

''用途''：链接寄存器（Link Register）。

''特点''：R14用于''存储子程序调用的返回地址''。在调用函数时，当前指令地址会被保存到R14，以便在函数结束后能够正确返回调用位置。