annotate-colour: dodgerblue
created: 20241126021727678
difficulty: 4.000191999999999
due: 20250209003527418
elapsed_days: 9.52073960648148
lapses: 0
last_review: 20241212003527418
modified: 20241212003526806
reps: 3
revision: 0
scheduled_days: 59
stability: 58.65925891832373
state: 2
tags: LVGL ?
title: LVGL按钮长按时间配置
type: text/markdown