annotate-colour: dodgerblue
created: 20241129084314543
difficulty: 2.31442
due: 20261017130625274
elapsed_days: 107.20670474537037
lapses: 0
last_review: 20250326130625274
modified: 20241129084748818
reps: 3
scheduled_days: 570
stability: 569.7676316385864
state: 2
tags: LVGL基础知识 ?
title: lvgl对象
type: text/markdown