annotate-colour: dodgerblue
created: 20250508152030436
difficulty: 3.157306
due: 20280303101148212
elapsed_days: 168.80133300925925
lapses: 0
last_review: 20260108101148212
modified: 20250515053858087
reps: 3
scheduled_days: 785
stability: 784.9800272844265
state: 2
tags: 指针 ?
title: malloc
type: text/vnd.tiddlywiki

''因为malloc函数返回值是一个内存地址''，所以保存堆内存的变量一定得是一个指针，当然这个变量可以是一个单指针，也可以是一个多重指针。