annotate-colour: green
created: 20250508152030436
difficulty: 3.9994
due: 20251106145753042
elapsed_days: 69.38793798611111
lapses: 0
last_review: 20250723145753042
modified: 20250515053858087
reps: 2
scheduled_days: 106
stability: 105.930788435685
state: 2
tags: 指针 ?
title: malloc
type: text/vnd.tiddlywiki

''因为malloc函数返回值是一个内存地址''，所以保存堆内存的变量一定得是一个指针，当然这个变量可以是一个单指针，也可以是一个多重指针。