annotate-colour: red
created: 20260104072223919
difficulty: 6.632799999999999
due: 20260307072436655
elapsed_days: 61.050230775462964
lapses: 1
last_review: 20260307071936655
modified: 20260104112102247
reps: 3
scheduled_days: 0
stability: 2.6343663990549855
state: 3
tags: OLED ?
title: OLED的分页(Page)思想
type: text/markdown