annotate-colour: dodgerblue
created: 20260104113445086
difficulty: 4.078599999999999
due: 20260806071909344
elapsed_days: 61.04982509259259
lapses: 0
last_review: 20260307071909344
modified: 20260104113601119
reps: 3
scheduled_days: 152
stability: 152.0037693869166
state: 2
tags: OLED I2C SPI ?
title: OLED屏幕I2C和SPI接口有不同的针脚
type: text/markdown