annotate-colour: dodgerblue
created: 20241104133436764
creator: mxlcola
difficulty: 3.148
due: 20251020003947981
elapsed_days: 43.49821862268519
lapses: 0
last_review: 20250401003947981
modified: 20250216124221135
modifier: mxlcola
reps: 2
scheduled_days: 202
stability: 202.035818702775
state: 2
tags: ? 寄存器
title: PC寄存器

PC寄存器指示了当前线程代码的执行位置，必须保存，以便恢复执行。