annotate-colour: green
created: 20241204103330872
difficulty: 4.01791894
due: 20260930032441269
elapsed_days: 181.0579881597222
lapses: 0
last_review: 20250815032441269
modified: 20241204103418630
reps: 4
scheduled_days: 411
stability: 410.82521226368914
state: 2
tags: PWM ?
title: PWM原理
type: text/markdown