annotate-colour: orange
created: 20250514150719370
difficulty: 5.7814
due: 20250702135232214
elapsed_days: 33.34339958333333
lapses: 0
last_review: 20250617135232214
modified: 20250515034829641
reps: 3
scheduled_days: 15
stability: 15.153667349398617
state: 2
tags: ? RAM ROM
title: RAM 和 ROM 的区别对比？
type: text/markdown