annotate-colour: dodgerblue
created: 20250514150719370
difficulty: 4.9130571399999985
due: 20270804001456798
elapsed_days: 166.3871399074074
lapses: 0
last_review: 20260106001456798
modified: 20250515034829641
reps: 5
scheduled_days: 575
stability: 574.6973831560837
state: 2
tags: ? RAM ROM
title: RAM 和 ROM 的区别对比？
type: text/markdown