annotate-colour: dodgerblue
created: 20250213123043335
creator: mxlcola
difficulty: 3.157306
due: 20280303101134356
elapsed_days: 168.80121074074074
lapses: 0
last_review: 20260108101134356
modified: 20250514150704985
modifier: mxlcola
reps: 3
scheduled_days: 785
stability: 785.021223393271
state: 2
tags: ?
title: RAM
type: text/markdown