annotate-colour: green
created: 20250213123043335
creator: mxlcola
difficulty: 3.9994
due: 20251106145749748
elapsed_days: 69.4653174537037
lapses: 0
last_review: 20250723145749748
modified: 20250514150704985
modifier: mxlcola
reps: 2
scheduled_days: 106
stability: 105.99269838457313
state: 2
tags: ?
title: RAM
type: text/markdown