annotate-colour: green
created: 20250407144650524
difficulty: 4.851591999999999
due: 20251201144951592
elapsed_days: 55.039157546296295
lapses: 0
last_review: 20250811144951592
modified: 20250515034925420
reps: 3
scheduled_days: 112
stability: 112.19720300100397
state: 2
tags: ?
title: ROM
type: text/markdown