annotate-colour: dodgerblue
created: 20250407144650524
difficulty: 4.000976079999999
due: 20280614071031792
elapsed_days: 207.6810208564815
lapses: 0
last_review: 20260307071031792
modified: 20250515034925420
reps: 4
scheduled_days: 830
stability: 829.7318804813068
state: 2
tags: ?
title: ROM
type: text/markdown