annotate-colour: orange
created: 20250407144650524
difficulty: 4.8508
due: 20250711135328379
elapsed_days: 33.41917568287037
lapses: 0
last_review: 20250617135328379
modified: 20250515034925420
reps: 2
scheduled_days: 24
stability: 23.930964200295012
state: 2
tags: ?
title: ROM
type: text/markdown