annotate-colour: green
created: 20250311145949295
difficulty: 5.694477999999999
due: 20250801135253587
elapsed_days: 33.550866238425925
lapses: 1
last_review: 20250617135253587
modified: 20250311150027808
reps: 4
scheduled_days: 45
stability: 45.34122485288468
state: 2
tags: ?
title: RS232 只能连接两个设备，RS485 为什么可以连接更多？
type: text/markdown