annotate-colour: red
created: 20250311145949295
difficulty: 5.7021999999999995
due: 20250514150734338
elapsed_days: 39.38292949074074
lapses: 1
last_review: 20250514150234338
modified: 20250311150027808
reps: 2
scheduled_days: 0
stability: 3.2136002198488307
state: 3
tags: ?
title: RS232 只能连接两个设备，RS485 为什么可以连接更多？
type: text/markdown