annotate-colour: dodgerblue
created: 20241104130741386
creator: mxlcola
difficulty: 3.148
due: 20250101150140214
elapsed_days: 7.111649930555555
lapses: 0
last_review: 20241112150140214
modified: 20241104130840882
modifier: mxlcola
reps: 2
revision: 0
scheduled_days: 50
stability: 49.720560419900316
state: 2
tags: RT-Thread内部机制 ?
title: RT-Thread核心机制：链表、定时器

RT-Thread 的线程管理与调度、线程间通信(邮箱/消息队列/信号)、线程间同步(信号量/互  斥量/事件集)的方法，核心都是：

* 链表
* 定时器