annotate-colour: dodgerblue
created: 20250804135552957
difficulty: 4.078599999999999
due: 20260723080509648
elapsed_days: 54.08189731481482
lapses: 0
last_review: 20260228080509648
modified: 20260104112603259
reps: 3
scheduled_days: 145
stability: 145.3202449248849
state: 2
tags: ?
title: SCL
type: 

时钟同步线