annotate-colour: dodgerblue
created: 20250826143733498
difficulty: 5.009199999999998
due: 20260429071903973
elapsed_days: 61.05025859953704
lapses: 0
last_review: 20260307071903973
modified: 20250826143855631
reps: 3
scheduled_days: 53
stability: 53.12059619252929
state: 2
tags: SDIO ?
title: SDIO操作都是通过指令

这些寄存器只能通过对应的命令访问，它是''通过命令来控制''，SDIO定义了64个命令，每个命令都有特殊意义，可以实现某一特定功能，SD卡接收到命令后，根据命令要求对SD卡内部寄存器进行修改