annotate-colour: dodgerblue
created: 20250826143733498
difficulty: 5.869999999999999
due: 20260107060641634
elapsed_days: 1.1360296759259259
lapses: 0
last_review: 20260105060641634
modified: 20250826143855631
reps: 2
scheduled_days: 2
stability: 0.6
state: 2
tags: SDIO ?
title: SDIO操作都是通过指令

这些寄存器只能通过对应的命令访问，它是''通过命令来控制''，SDIO定义了64个命令，每个命令都有特殊意义，可以实现某一特定功能，SD卡接收到命令后，根据命令要求对SD卡内部寄存器进行修改