annotate-colour: green
created: 20241128074007557
difficulty: 3.9994
due: 20241224004753152
elapsed_days: 5.486252962962963
lapses: 0
last_review: 20241205004753152
modified: 20241219072030403
reps: 2
scheduled_days: 19
stability: 18.99026506242254
state: 2
tags: SDIO
title: SDIO引脚检测注意事项
type: text/vnd.tiddlywiki

如果DAT3引脚未被正确地上拉，可能会导致检测SD卡插入状态时的误判或误检测。因此，在进行SD卡插拔检测时，必须确保DAT3引脚已正确地连接到''[[上拉电阻]]''，并且上拉电阻的电阻值应该足够大，''以确保DAT3引脚的电平在未连接SD卡时保持高电平状态。''