annotate-colour: green
created: 20241128080201214
difficulty: 3.9994
due: 20241224004447686
elapsed_days: 5.484413634259259
lapses: 0
last_review: 20241205004447686
modified: 20241219071652077
reps: 2
revision: 0
scheduled_days: 19
stability: 18.98608183718665
state: 2
tags: SDIO
title: SD卡存储单元
type: text/markdown