annotate-colour: dodgerblue
created: 20241128080354330
difficulty: 5.7021999999999995
due: 20241208004812909
elapsed_days: 0.0035116319444444444
lapses: 1
last_review: 20241205004812909
modified: 20241128080441308
reps: 3
scheduled_days: 3
stability: 2.1071537434497967
state: 2
tags: SDIO 工作积累
title: SD卡寄存器
type: text/markdown