annotate-colour: dodgerblue
created: 20241128054420502
difficulty: 3.2357139999999993
due: 20260128122615496
elapsed_days: 73.02363594907408
lapses: 0
last_review: 20250213122615496
modified: 20241128055124578
reps: 4
revision: 0
scheduled_days: 349
stability: 348.89070906254534
state: 2
tags: SDIO ? 工作积累
title: SD卡结构
type: text/markdown