annotate-colour: dodgerblue
created: 20241128054420502
difficulty: 4.078599999999999
due: 20241222115213353
elapsed_days: 2.948942627314815
lapses: 0
last_review: 20241202115213353
modified: 20241128055124578
reps: 3
scheduled_days: 20
stability: 20.241093220157627
state: 2
tags: SDIO ? 工作积累
title: SD卡结构
type: text/markdown