annotate-colour: dodgerblue
created: 20241128080354330
difficulty: 3.9925472199999987
due: 20250709032500729
elapsed_days: 34.80163746527778
lapses: 1
last_review: 20250113032500729
modified: 20241128080441308
reps: 5
revision: 0
scheduled_days: 177
stability: 176.94694474715493
state: 2
tags: SDIO 工作积累
title: SD卡寄存器
type: text/markdown