annotate-colour: dodgerblue
created: 20241104141243119
creator: mxlcola
difficulty: 3.148
due: 20250101145842024
elapsed_days: 7.112844861111111
lapses: 0
last_review: 20241112145842024
modified: 20241104141248952
modifier: mxlcola
reps: 2
scheduled_days: 50
stability: 49.727428100897754
state: 2
tags: ?
title: SP堆栈指针

''用途''：堆栈指针寄存器（Stack Pointer）。

''特点''：R13专门用于指向当前的堆栈顶位置，负责管理函数调用和中断处理过程中的堆栈操作