annotate-colour: green
created: 20250217122641079
difficulty: 4.008706
due: 20260606032435836
elapsed_days: 133.73577944444443
lapses: 0
last_review: 20250815032435836
modified: 20250217123659064
reps: 3
scheduled_days: 295
stability: 295.2099422418099
state: 2
tags: QSPI flash W25Q64 片外flash ? 内存映射
title: STM32 QSPI Flash 退出内存映射模式的方法
type: text/markdown