annotate-colour: dodgerblue
created: 20241124015314780
creator: mxlcola
difficulty: 2.31442
due: 20260510035133196
elapsed_days: 79.97687796296296
lapses: 0
last_review: 20250219035133196
modified: 20241124141728744
modifier: mxlcola
reps: 3
scheduled_days: 445
stability: 444.98689590964545
state: 2
tags: ?
title: supermemo
type: text/markdown