annotate-colour: dodgerblue
created: 20241124015314780
creator: mxlcola
difficulty: 3.148
due: 20250111042450940
elapsed_days: 5.59779162037037
lapses: 0
last_review: 20241201042450940
modified: 20241124141728744
modifier: mxlcola
reps: 2
scheduled_days: 41
stability: 40.88793585094483
state: 2
tags: ?
title: supermemo
type: text/markdown