annotate-colour: dodgerblue
created: 20241126062319427
difficulty: 3.148
due: 20250115115356146
elapsed_days: 6.11206900462963
lapses: 0
last_review: 20241202115356146
modified: 20241126062540191
reps: 2
scheduled_days: 44
stability: 43.918312406672975
state: 2
tags: 想法
title: tiddlywiki电脑手机同步测试
type: text/vnd.tiddlywiki

电脑手机同步必须要确保两者在同一个局域网内

手机可以通过扫码二维码更换服务器然后和电脑同步

[[太记手机电脑同步探索]]