annotate-colour: dodgerblue
created: 20241126062319427
difficulty: 2.31442
due: 20260416142741001
elapsed_days: 75.10676917824074
lapses: 0
last_review: 20250215142741001
modified: 20250227132324547
reps: 3
scheduled_days: 425
stability: 424.77445734368735
state: 2
tags: TiddlyWiki
title: tiddlywiki电脑手机同步测试
type: text/vnd.tiddlywiki

电脑手机同步必须要确保两者在同一个局域网内

手机可以通过扫码二维码更换服务器然后和电脑同步

[[太记手机电脑同步探索]]