annotate-colour: dodgerblue
created: 20241126062701930
difficulty: 2.31442
due: 20260416142737034
elapsed_days: 75.10676196759259
lapses: 0
last_review: 20250215142737034
modified: 20241126091228578
reps: 3
revision: 0
scheduled_days: 425
stability: 424.7744522779347
state: 2
tags: 想法 TiddlyWiki
title: tiddlywiki随时记录
type: text/vnd.tiddlywiki

tiddlywiki在工作生活可以很方便的记录工作内容

比如代码，很小的一个点也可以记录到上面生成卡片