annotate-colour: dodgerblue
created: 20241126062701930
difficulty: 3.148
due: 20250115115352799
elapsed_days: 6.112076840277778
lapses: 0
last_review: 20241202115352799
modified: 20241126091228578
reps: 2
scheduled_days: 44
stability: 43.91835834251617
state: 2
tags: 想法 TiddlyWiki
title: tiddlywiki随时记录
type: text/vnd.tiddlywiki

tiddlywiki在工作生活可以很方便的记录工作内容

比如代码，很小的一个点也可以记录到上面生成卡片