annotate-colour: dodgerblue
created: 20241104114903858
difficulty: 2.3320618000000004
due: 20300305113137151
elapsed_days: 322.8771863310185
lapses: 0
last_review: 20260104113137151
modified: 20250215142811598
reps: 4
scheduled_days: 1521
stability: 1521.3818199277594
state: 2
tags: 想法 时间管理
title: todo和日历结合，知道自己时间用在了哪里
type: text/vnd.tiddlywiki

额外增加：

微软todo同步到苹果待办事项和日历上面

[[番茄工作法]]利用起来，目前20min比较适合