annotate-colour: dodgerblue
created: 20250217143639428
difficulty: 7.468242526599998
due: 20251222033956606
elapsed_days: 63.71369
lapses: 1
last_review: 20250811033956606
modified: 20250811033938187
reps: 7
scheduled_days: 133
stability: 132.92345994636062
state: 2
tags: 关键字 ? 编译原理
title: volatile关键字
type: text/markdown