annotate-colour: red
created: 20250217143639428
difficulty: 7.563399999999999
due: 20250409023903061
elapsed_days: 1.5066628587962962
lapses: 1
last_review: 20250409023403061
modified: 20250217143854500
reps: 3
scheduled_days: 0
stability: 0.45513388602826693
state: 3
tags: 关键字 ?
title: volatile关键字
type: text/markdown