annotate-colour: dodgerblue
created: 20250217143639428
difficulty: 7.563399999999999
due: 20250413003334512
elapsed_days: 1.91633625
lapses: 1
last_review: 20250411003334512
modified: 20250217143854500
reps: 4
scheduled_days: 2
stability: 0.45513388602826693
state: 2
tags: 关键字 ?
title: volatile关键字
type: text/markdown