annotate-colour: green
created: 20250217143639428
difficulty: 7.442860101333998
due: 20261222071710847
elapsed_days: 208.15085922453704
lapses: 1
last_review: 20260307071710847
modified: 20250811033938187
reps: 8
scheduled_days: 290
stability: 289.9546859200402
state: 2
tags: 关键字 ? 编译原理
title: volatile关键字
type: text/markdown