annotate-colour: orange
created: 20250217143639428
difficulty: 8.388466
due: 20250518003953102
elapsed_days: 34.00438185185185
lapses: 1
last_review: 20250515003953102
modified: 20250217143854500
reps: 5
scheduled_days: 3
stability: 3.40765008099109
state: 2
tags: 关键字 ?
title: volatile关键字
type: text/markdown