annotate-colour: dodgerblue
created: 20241209120717020
difficulty: 3.148
due: 20250219071411745
elapsed_days: 9.273514756944444
lapses: 0
last_review: 20241219071411745
modified: 20241210133628478
modifier: mxlcola
reps: 2
scheduled_days: 62
stability: 61.88482914988964
state: 2
tags: 开漏输出模式 上拉电阻 下拉电阻 ?
title: 上下拉电阻的作用？输入给一个确定的状态

输入没有信号时，''给输入一个确定的状态，而不是高阻不确定状态''

[[高阻态]]