annotate-colour: dodgerblue
created: 20241209120717020
difficulty: 2.31442
due: 20261013003820339
elapsed_days: 102.72509947916667
lapses: 0
last_review: 20250401003820339
modified: 20241210133628478
modifier: mxlcola
reps: 3
scheduled_days: 560
stability: 559.7593660663919
state: 2
tags: 开漏输出模式 上拉电阻 下拉电阻 ?
title: 上下拉电阻的作用？输入给一个确定的状态

输入没有信号时，''给输入一个确定的状态，而不是高阻不确定状态''

[[高阻态]]