annotate-colour: dodgerblue
created: 20241203131338205
creator: mxlcola
difficulty: 2.31442
due: 20260522125039389
elapsed_days: 80.50900184027778
lapses: 0
last_review: 20250228125039389
modified: 20241203131430078
modifier: mxlcola
reps: 3
scheduled_days: 448
stability: 448.0435416762714
state: 2
tags: ? GTD
title: 下一步行动

什么是真正有效的[[无压力状态]]呢？

并不是完全不需要再做任何事情，而是明确地知道自己现在应该做什么事情、应该优先开展什么行动。