annotate-colour: dodgerblue
created: 20241203131338205
creator: mxlcola
difficulty: 3.148
due: 20250121003741633
elapsed_days: 5.762340243055555
lapses: 0
last_review: 20241210003741633
modified: 20241203131430078
modifier: mxlcola
reps: 2
scheduled_days: 42
stability: 41.860912796440765
state: 2
tags: ? GTD
title: 下一步行动

什么是真正有效的[[无压力状态]]呢？

并不是完全不需要再做任何事情，而是明确地知道自己现在应该做什么事情、应该优先开展什么行动。