annotate-colour: green
created: 20241210133452075
creator: mxlcola
difficulty: 3.9994
due: 20250112071438478
elapsed_days: 7.758584513888889
lapses: 0
last_review: 20241219071438478
modified: 20241210133454886
modifier: mxlcola
reps: 2
scheduled_days: 24
stability: 24.043336595126778
state: 2
tags: GPIO八种模式 ?
title: 下拉输入模式