annotate-colour: green
created: 20241210133452075
creator: mxlcola
difficulty: 4.008706
due: 20250704035147945
elapsed_days: 61.85913732638889
lapses: 0
last_review: 20250219035147945
modified: 20250219035147310
modifier: mxlcola
reps: 3
scheduled_days: 135
stability: 135.25645967732342
state: 2
tags: GPIO八种模式 ?
title: 下拉输入模式