annotate-colour: dodgerblue
created: 20241112144616516
creator: mxlcola
difficulty: 3.148
due: 20250117042054730
elapsed_days: 6.608296990740741
lapses: 0
last_review: 20241201042054730
modified: 20241124133305485
modifier: mxlcola
reps: 2
revision: 0
scheduled_days: 47
stability: 46.81312628340423
state: 2
tags: ? GTD
title: 两分钟规则
type: text/vnd.tiddlywiki

如果某个任务预计可以在两分钟内完成，可以立即做掉，而不是把它留到以后。这样可以防止小任务积累，减少无谓的压力。