annotate-colour: dodgerblue
created: 20241112144616516
creator: mxlcola
difficulty: 2.31442
due: 20260606080051110
elapsed_days: 84.15273587962963
lapses: 0
last_review: 20250223080051110
modified: 20241124133305485
modifier: mxlcola
reps: 3
scheduled_days: 468
stability: 467.6959573531131
state: 2
tags: ? GTD
title: 两分钟规则
type: text/vnd.tiddlywiki

如果某个任务预计可以在两分钟内完成，可以立即做掉，而不是把它留到以后。这样可以防止小任务积累，减少无谓的压力。