annotate-colour: green
created: 20250330030443163
difficulty: 3.9994
due: 20250425054722541
elapsed_days: 6.09423755787037
lapses: 0
last_review: 20250405054722541
modified: 20250405054713942
reps: 2
scheduled_days: 20
stability: 20.364658424540014
state: 2
tags: ? 中断
title: 中断源
type: text/markdown