annotate-colour: green
created: 20250330030551243
difficulty: 4.087113999999999
due: 20251105110122049
elapsed_days: 66.21864612268519
lapses: 0
last_review: 20250610110122049
modified: 20250331003716398
reps: 4
scheduled_days: 148
stability: 147.99983455962823
state: 2
tags: 什么是中断？ ?
title: 中断触发方式

中断触发方式

[[外部中断]]：下降沿或者低电平

[[定时器中断]]：定时器计数溢出

[[串口中断]]：串口发送或者接收完成