annotate-colour: green
created: 20250330030443163
difficulty: 4.008706
due: 20251026053325409
elapsed_days: 65.99031098379629
lapses: 0
last_review: 20250610053325409
modified: 20250811033313914
reps: 3
scheduled_days: 138
stability: 137.5731675186394
state: 2
tags: ? 中断
title: 中断源
type: text/markdown