annotate-colour: dodgerblue
created: 20250330030551243
difficulty: 4.078599999999999
due: 20250507054631023
elapsed_days: 5.100801793981481
lapses: 0
last_review: 20250405054631023
modified: 20250331003716398
reps: 3
scheduled_days: 32
stability: 31.758162900292106
state: 2
tags: 什么是中断？ ?
title: 中断触发方式

中断触发方式

[[外部中断]]：下降沿或者低电平

[[定时器中断]]：定时器计数溢出

[[串口中断]]：串口发送或者接收完成