annotate-colour: dodgerblue
created: 20250609143623646
difficulty: 3.2357139999999993
due: 20280904070942844
elapsed_days: 207.6811774074074
lapses: 0
last_review: 20260307070942844
modified: 20250617135433620
reps: 4
scheduled_days: 912
stability: 911.8752936538599
state: 2
tags: 多巴胺 成瘾 ? 习惯 奖励
title: 为什么我们会追求产生多巴胺的行为？

多巴胺会让我们感到兴奋和愉悦，大脑会''记住和期待''这种感受，这种行为和奖励的关联加深，我们就想要再次尝试