annotate-colour: dodgerblue
created: 20231203035416840
creator: 老乐
difficulty: 2.31442
due: 20260421023757012
elapsed_days: 74.60330435185185
lapses: 0
last_review: 20250215023757012
modified: 20231203035519019
modifier: 老乐
reps: 3
scheduled_days: 430
stability: 430.150583803413
state: 2
tags: 减肥 生活方式 乐天记录减肥法
title: 为什么会胖？
type: text/vnd.tiddlywiki

你胖是因为不良的生活方式，所以我们减肥减的应该是[[胖子的生活]]方式，而不是胖子的肉，胖子的腿，胖子的肚子。