annotate-colour: dodgerblue
created: 20250613114753301
difficulty: 3.148
due: 20251228145047570
elapsed_days: 25.519221273148148
lapses: 0
last_review: 20250811145047570
modified: 20250613114812858
reps: 2
scheduled_days: 139
stability: 138.91202847798607
state: 2
tags: 积极休息 ?
title: 为什么积极的休息方式需要专注动脑思考？

这样才能有效地引导大脑的[[DMN]]，让它运转在我们希望的范畴之中，不至于失去控制，徒增烦恼和压力