annotate-colour: dodgerblue
created: 20241130134024668
creator: mxlcola
difficulty: 4.078599999999999
due: 20250117131856351
elapsed_days: 6.290638506944444
lapses: 0
last_review: 20241210131856351
modified: 20241203034745719
modifier: mxlcola
reps: 3
scheduled_days: 38
stability: 37.64723642936995
state: 2
tags: 想法 欲望
title: 为什么思考会痛苦？

''思考会发现什么都不足，就会越来越欲望大''