annotate-colour: dodgerblue
created: 20241203130622743
creator: mxlcola
difficulty: 3.2357139999999993
due: 20250725032406976
elapsed_days: 33.58656083333333
lapses: 0
last_review: 20250113032406976
modified: 20241203130725556
modifier: mxlcola
reps: 4
revision: 0
scheduled_days: 193
stability: 193.01432716039056
state: 2
tags: 想法 系统化
title: 为什么时间管理都没效？

我们实践的不应该是方法和技巧，而是''建立系统''