annotate-colour: dodgerblue
created: 20250819145116080
difficulty: 3.148
due: 20270106060956603
elapsed_days: 138.0196013773148
lapses: 0
last_review: 20260105060956603
modified: 20250819145144464
reps: 2
scheduled_days: 366
stability: 365.8049427177331
state: 2
tags: ?
title: 为什么有些按键输入需要上拉/下拉电阻？

* 按键处于断开状态时，如果没有上拉/下拉，引脚就是悬空，容易受干扰产生随机高低电平。

* 上拉/下拉作用：提供稳定参考电平，防止误触发。