annotate-colour: dodgerblue
created: 20250609143623646
difficulty: 4.078599999999999
due: 20251120144849116
elapsed_days: 25.517087962962965
lapses: 0
last_review: 20250811144849116
modified: 20250617135433620
reps: 3
scheduled_days: 101
stability: 101.46347927748839
state: 2
tags: 多巴胺 成瘾 ? 习惯 奖励
title: 为什么我们会追求产生多巴胺的行为？

多巴胺会让我们感到兴奋和愉悦，大脑会''记住和期待''这种感受，这种行为和奖励的关联加深，我们就想要再次尝试