annotate-colour: dodgerblue
created: 20241203130622743
creator: mxlcola
difficulty: 4.078599999999999
due: 20250108131928118
elapsed_days: 4.531043032407408
lapses: 0
last_review: 20241210131928118
modified: 20241203130725556
modifier: mxlcola
reps: 3
scheduled_days: 29
stability: 28.82123311461312
state: 2
tags: 想法 系统化
title: 为什么时间管理都没效？

我们实践的不应该是方法和技巧，而是''建立系统''