annotate-colour: dodgerblue
created: 20241130134024668
creator: mxlcola
difficulty: 3.244142859999999
due: 20290902113117488
elapsed_days: 322.4288245833333
lapses: 0
last_review: 20260104113117488
modified: 20241203034745719
modifier: mxlcola
reps: 5
scheduled_days: 1337
stability: 1337.269221532675
state: 2
tags: 想法 欲望
title: 为什么思考会痛苦？

''思考会发现什么都不足，就会越来越欲望大''