annotate-colour: dodgerblue
created: 20231203035416840
creator: 老乐
difficulty: 3.148
due: 20250128120911515
elapsed_days: 8.431491956018519
lapses: 0
last_review: 20241202120911515
modified: 20231203035519019
modifier: 老乐
reps: 2
scheduled_days: 57
stability: 57.20833370217478
state: 2
tags: 减肥 生活方式 乐天记录减肥法
title: 为什么会胖？
type: text/vnd.tiddlywiki

你胖是因为不良的生活方式，所以我们减肥减的应该是[[胖子的生活]]方式，而不是胖子的肉，胖子的腿，胖子的肚子。