annotate-colour: dodgerblue
created: 20250613114753301
difficulty: 2.31442
due: 20280728035543692
elapsed_days: 173.54509400462962
lapses: 0
last_review: 20260201035543692
modified: 20250613114812858
reps: 3
scheduled_days: 908
stability: 907.5102275235573
state: 2
tags: 积极休息 ?
title: 为什么积极的休息方式需要专注动脑思考？

这样才能有效地引导大脑的[[DMN]]，让它运转在我们希望的范畴之中，不至于失去控制，徒增烦恼和压力