annotate-colour: dodgerblue
created: 20251217094944753
difficulty: 3.148
due: 20261220071730467
elapsed_days: 79.89342565972223
lapses: 0
last_review: 20260307071730467
modified: 20251217095052227
reps: 2
scheduled_days: 288
stability: 287.6723225782055
state: 2
tags: ? 笔记思考
title: 为什么要记笔记？

记笔记是记录我们思考的成果，哪怕只是几句话，改写一下原来的句子，这是我们的一点思考
