annotate-colour: green
created: 20241130134024668
creator: mxlcola
difficulty: 4.087113999999999
due: 20250721011347045
elapsed_days: 67.49642008101851
lapses: 0
last_review: 20250216011347045
modified: 20241203034745719
modifier: mxlcola
reps: 4
scheduled_days: 155
stability: 155.22097982517997
state: 2
tags: 想法 欲望
title: 为什么思考会痛苦？

''思考会发现什么都不足，就会越来越欲望大''