annotate-colour: dodgerblue
created: 20241124140408024
creator: mxlcola
difficulty: 3.148
due: 20250111042302429
elapsed_days: 5.597329641203704
lapses: 0
last_review: 20241201042302429
modified: 20241124140650761
modifier: mxlcola
reps: 2
revision: 0
scheduled_days: 41
stability: 40.88519967574518
state: 2
tags: anki ?
title: 为什么卡片需要自己做？
type: text/vnd.tiddlywiki

# 制作卡片本身也是个辅助记忆的过程，制作好的卡片在一两天内学习，效率更高效果更好。
# 有亲切感，抵触情绪少