annotate-colour: dodgerblue
created: 20250326140214992
difficulty: 4.078599999999999
due: 20250516054503438
elapsed_days: 6.923381180555555
lapses: 0
last_review: 20250405054503438
modified: 20250327082707769
reps: 3
scheduled_days: 41
stability: 40.65086892100091
state: 2
tags: ?
title: 主堆栈指针（MSP）
type: text/markdown