annotate-colour: dodgerblue
created: 20250326140214992
difficulty: 3.244142859999999
due: 20290427071020719
elapsed_days: 262.7210017013889
lapses: 0
last_review: 20260307071020719
modified: 20250617135117449
reps: 5
scheduled_days: 1147
stability: 1147.2721170537975
state: 2
tags: ? 堆栈
title: 主堆栈指针（MSP）
type: text/markdown