annotate-colour: green
created: 20250326140214992
difficulty: 4.087113999999999
due: 20251201135206173
elapsed_days: 73.33822607638889
lapses: 0
last_review: 20250617135206173
modified: 20250617135117449
reps: 4
scheduled_days: 167
stability: 166.95647863614664
state: 2
tags: ? 堆栈
title: 主堆栈指针（MSP）
type: text/markdown