annotate-colour: dodgerblue
created: 20231203032244172
creator: 老乐
difficulty: 3.148
due: 20250128120756512
elapsed_days: 8.469176412037037
lapses: 0
last_review: 20241202120756512
modified: 20231203041051044
modifier: 老乐
reps: 2
scheduled_days: 57
stability: 57.419283308316615
state: 2
tags: 减肥
title: 乐天记录减肥法
type: text/vnd.tiddlywiki