annotate-colour: dodgerblue
created: 20231203032244172
creator: 老乐
difficulty: 3.148
due: 20250115140437033
elapsed_days: 6.550200960648148
lapses: 0
last_review: 20241130140437033
modified: 20231203041051044
modifier: 老乐
reps: 2
scheduled_days: 46
stability: 46.4756861684356
state: 2
tags: 减肥
title: 乐天记录减肥法
type: text/vnd.tiddlywiki