annotate-colour: green
created: 20231203032244172
creator: 老乐
difficulty: 3.16582
due: 20250903022706301
elapsed_days: 74.59664109953704
lapses: 0
last_review: 20250215022706301
modified: 20231203041051044
modifier: 老乐
reps: 3
revision: 0
scheduled_days: 200
stability: 200.26221214254662
state: 2
tags: 减肥
title: 乐天记录减肥法
type: text/vnd.tiddlywiki