annotate-colour: dodgerblue
created: 20241128140616508
creator: mxlcola
difficulty: 3.2357139999999993
due: 20250819032342909
elapsed_days: 41.64558332175926
lapses: 0
last_review: 20250113032342909
modified: 20241130140650073
modifier: mxlcola
reps: 4
revision: 0
scheduled_days: 218
stability: 218.2708584453538
state: 2
tags: 想法 《住宅区的两人》
title: 人生阶段
type: text/markdown