annotate-colour: dodgerblue
created: 20241128140616508
creator: mxlcola
difficulty: 4.078599999999999
due: 20241216115404510
elapsed_days: 1.9077762731481482
lapses: 0
last_review: 20241202115404510
modified: 20241130140650073
modifier: mxlcola
reps: 3
scheduled_days: 14
stability: 14.231067921742639
state: 2
tags: 想法 《住宅区的两人》
title: 人生阶段
type: text/markdown