annotate-colour: dodgerblue
created: 20241204103228900
difficulty: 4.078599999999999
due: 20250102081046122
elapsed_days: 3.7181583564814815
lapses: 0
last_review: 20241209081046122
modified: 20241204103809428
reps: 3
scheduled_days: 24
stability: 24.492982566802112
state: 2
tags: PWM 工作积累
title: 什么是PWM信号？PWM的占空比和频率分别表示什么含义？
type: text/markdown