annotate-colour: dodgerblue
created: 20250514134821654
difficulty: 4.157007999999998
due: 20270906001306320
elapsed_days: 158.38628680555556
lapses: 0
last_review: 20260106001306320
modified: 20250610133508517
reps: 4
scheduled_days: 608
stability: 608.3213222052636
state: 2
tags: FMC ?
title: 什么是FMC？
type: text/markdown