annotate-colour: dodgerblue
created: 20250514134821654
difficulty: 5.869999999999999
due: 20250614003937040
elapsed_days: 1.4609585185185185
lapses: 0
last_review: 20250612003937040
modified: 20250610133508517
reps: 2
scheduled_days: 2
stability: 0.6
state: 2
tags: FMC ?
title: 什么是FMC？
type: text/markdown