annotate-colour: dodgerblue
created: 20250330030239805
difficulty: 4.078599999999999
due: 20260109033325198
elapsed_days: 60.12106678240741
lapses: 0
last_review: 20250811033325198
modified: 20250610053311455
reps: 3
scheduled_days: 151
stability: 151.1705514316937
state: 2
tags: 单片机中断 ?
title: 什么是中断？
type: text/markdown