annotate-colour: dodgerblue
created: 20250514134821654
difficulty: 5.009199999999998
due: 20250921145651139
elapsed_days: 49.59530207175926
lapses: 0
last_review: 20250731145651139
modified: 20250610133508517
reps: 3
scheduled_days: 52
stability: 51.68718415476065
state: 2
tags: FMC ?
title: 什么是FMC？
type: text/markdown