annotate-colour: dodgerblue
created: 20241204103228900
difficulty: 3.2357139999999993
due: 20260127120601736
elapsed_days: 70.16337518518519
lapses: 0
last_review: 20250217120601736
modified: 20241219071638892
reps: 4
scheduled_days: 344
stability: 344.13664952687344
state: 2
tags: PWM ?
title: 什么是PWM信号？PWM的占空比和频率分别表示什么含义？
type: text/markdown