annotate-colour: dodgerblue
created: 20250326134944426
difficulty: 4.078599999999999
due: 20251022035354591
elapsed_days: 37.055212905092596
lapses: 0
last_review: 20250516035354591
modified: 20250326135110881
reps: 4
scheduled_days: 159
stability: 159.00672974059037
state: 2
tags: HardFault问题 ?
title: 从软件角度，产生 hardfault 的可能原因
type: text/markdown