annotate-colour: dodgerblue
created: 20250326134944426
difficulty: 4.078599999999999
due: 20280227121651401
elapsed_days: 216.97000681712964
lapses: 0
last_review: 20251218121651401
modified: 20250326135110881
reps: 5
scheduled_days: 801
stability: 801.0540871583813
state: 2
tags: HardFault问题 ?
title: 从软件角度，产生 hardfault 的可能原因
type: text/markdown