annotate-colour: dodgerblue
created: 20250407142950930
difficulty: 2.31442
due: 20290416101210317
elapsed_days: 238.19028311342592
lapses: 0
last_review: 20260108101210317
modified: 20250407143125661
reps: 3
scheduled_days: 1194
stability: 1194.3629752707036
state: 2
tags: 段的概念 ?
title: 代码段(RO-CODE)
type: text/markdown