annotate-colour: dodgerblue
created: 20250407142950930
difficulty: 3.148
due: 20251113053809858
elapsed_days: 37.205836643518516
lapses: 0
last_review: 20250515053809858
modified: 20250407143125661
reps: 2
scheduled_days: 182
stability: 182.03284196261833
state: 2
tags: 段的概念 ?
title: 代码段(RO-CODE)
type: text/markdown