annotate-colour: dodgerblue
created: 20250407144842513
difficulty: 3.2357139999999993
due: 20260327053143618
elapsed_days: 60.205848171296296
lapses: 0
last_review: 20250610053143618
modified: 20250407145210591
reps: 4
scheduled_days: 290
stability: 290.16715757084256
state: 2
tags: ? 重定位
title: 代码重定位
type: text/markdown