annotate-colour: dodgerblue
created: 20250407144842513
difficulty: 4.078599999999999
due: 20250425003518337
elapsed_days: 1.9185038541666666
lapses: 0
last_review: 20250411003518337
modified: 20250407145210591
reps: 3
scheduled_days: 14
stability: 14.294540752949139
state: 2
tags: ? 重定位
title: 代码重定位
type: text/markdown