annotate-colour: dodgerblue
created: 20241124013148290
creator: mxlcola
difficulty: 2.31442
due: 20260421023418316
elapsed_days: 74.60084273148148
lapses: 0
last_review: 20250215023418316
modified: 20241124013159494
modifier: mxlcola
reps: 3
scheduled_days: 430
stability: 430.1397383756478
state: 2
tags: 减肥
title: 任何食物本身都不是胖的根源
type: text/vnd.tiddlywiki

那些「吃了容易胖」的食物，瘦子也吃呀，没准还比你更爱吃！重点不在于吃什么，而在于怎么吃。

