annotate-colour: dodgerblue
created: 20241124013148290
creator: mxlcola
difficulty: 3.148
due: 20250128120905505
elapsed_days: 8.431666724537036
lapses: 0
last_review: 20241202120905505
modified: 20241124013159494
modifier: mxlcola
reps: 2
scheduled_days: 57
stability: 57.20931237969164
state: 2
tags: 减肥
title: 任何食物本身都不是胖的根源
type: text/vnd.tiddlywiki

那些「吃了容易胖」的食物，瘦子也吃呀，没准还比你更爱吃！重点不在于吃什么，而在于怎么吃。

