annotate-colour: green
created: 20241211131533356
creator: mxlcola
difficulty: 4.095542859999998
due: 20270830001903824
elapsed_days: 285.46734402777776
lapses: 0
last_review: 20260106001903824
modified: 20241211131547228
modifier: mxlcola
reps: 5
scheduled_days: 601
stability: 601.0327834496312
state: 2
tags: GPIO寄存器 ?
title: 位控寄存器：GPIOx_BSRR、GPIOx_BRR

用来控制某引脚为1或0