annotate-colour: green
created: 20241211131533356
creator: mxlcola
difficulty: 4.93
due: 20250409011801620
elapsed_days: 58.027804976851854
lapses: 0
last_review: 20250209011801620
modified: 20241211131547228
modifier: mxlcola
reps: 3
scheduled_days: 59
stability: 58.656863179710996
state: 2
tags: GPIO寄存器 ?
title: 位控寄存器：GPIOx_BSRR、GPIOx_BRR

用来控制某引脚为1或0