annotate-colour: dodgerblue
created: 20241128150300280
creator: mxlcola
difficulty: 2.31442
due: 20260404020259928
elapsed_days: 72.8207386574074
lapses: 0
last_review: 20250215020259928
modified: 20241128150631898
modifier: mxlcola
reps: 3
revision: 0
scheduled_days: 413
stability: 412.5343787472498
state: 2
tags: 想法
title: 使用supermemo渐进的时候，不要介意写上自己的东西
type: text/vnd.tiddlywiki


[[朱熹：书不记，熟读可记；义不精，细思可精]]