annotate-colour: dodgerblue
created: 20241128150300280
creator: mxlcola
difficulty: 3.148
due: 20250114062108108
elapsed_days: 5.633296157407408
lapses: 0
last_review: 20241204062108108
modified: 20241128150631898
modifier: mxlcola
reps: 2
scheduled_days: 41
stability: 41.098144144171556
state: 2
tags: 想法
title: 使用supermemo渐进的时候，不要介意写上自己的东西
type: text/vnd.tiddlywiki


[[朱熹：书不记，熟读可记；义不精，细思可精]]