annotate-colour: orange
created: 20241126124600171
difficulty: 4.86862
due: 20250223081635566
elapsed_days: 0.00521974537037037
lapses: 1
last_review: 20250223080635566
modified: 20250219035220817
reps: 4
scheduled_days: 0
stability: 6.719548762167205
state: 3
tags: 互斥量 ? 信号量 同步
title: 信号量缺点
type: text/markdown