annotate-colour: green
created: 20241119135535087
creator: mxlcola
difficulty: 5.712727461999999
due: 20251005053428364
elapsed_days: 67.82565108796297
lapses: 1
last_review: 20250610053428364
modified: 20241119135838233
modifier: mxlcola
reps: 6
scheduled_days: 117
stability: 117.32562808553276
state: 2
tags: 信号量 ?
title: 信号量的应用场景
type: text/markdown