annotate-colour: orange
created: 20241119135535087
creator: mxlcola
difficulty: 5.7206338
due: 20250430094532113
elapsed_days: 44.79971954861111
lapses: 1
last_review: 20250403094532113
modified: 20241119135838233
modifier: mxlcola
reps: 5
scheduled_days: 27
stability: 26.546205910396374
state: 2
tags: 信号量 ?
title: 信号量的应用场景
type: text/markdown