annotate-colour: dodgerblue
created: 20241119135535087
creator: mxlcola
difficulty: 3.148
due: 20250104003239636
elapsed_days: 5.422409328703703
lapses: 0
last_review: 20241125003239636
modified: 20241119135838233
modifier: mxlcola
reps: 2
revision: 0
scheduled_days: 40
stability: 39.847383074998476
state: 2
tags: 信号量 ?
title: 信号量的应用场景
type: text/markdown