annotate-colour: dodgerblue
created: 20241126124600171
difficulty: 4.018441461999999
due: 20261216145602002
elapsed_days: 117.38434319444444
lapses: 1
last_review: 20250731145602002
modified: 20250219035220817
reps: 7
scheduled_days: 503
stability: 502.73996528139435
state: 2
tags: 互斥量 ? 信号量 同步
title: 信号量缺点
type: text/markdown