annotate-colour: dodgerblue
created: 20241126124919056
difficulty: 3.148
due: 20250114120641503
elapsed_days: 5.889942256944445
lapses: 0
last_review: 20241202120641503
modified: 20241128052825349
reps: 2
scheduled_days: 43
stability: 42.61323387308902
state: 2
tags: ? 信号量
title: 信号量优先级反转
type: text/markdown