annotate-colour: red
created: 20241119135535087
creator: mxlcola
difficulty: 4.86862
due: 20250217123350110
elapsed_days: 84.49734344907408
lapses: 1
last_review: 20250217122850110
modified: 20241119135838233
modifier: mxlcola
reps: 3
scheduled_days: 0
stability: 6.622928345523372
state: 3
tags: 信号量 ?
title: 信号量的应用场景
type: text/markdown