annotate-colour: dodgerblue
created: 20241126124600171
difficulty: 3.148
due: 20250114120647517
elapsed_days: 5.890290844907407
lapses: 0
last_review: 20241202120647517
modified: 20250219035220817
reps: 2
scheduled_days: 43
stability: 42.61528647761912
state: 2
tags: 互斥量 ? 信号量 同步
title: 信号量缺点
type: text/markdown