annotate-colour: dodgerblue
created: 20241108122848256
creator: mxlcola
difficulty: 3.148
due: 20250120133218499
elapsed_days: 9.513258275462963
lapses: 0
last_review: 20241118133218499
modified: 20241109011258182
modifier: mxlcola
reps: 2
revision: 0
scheduled_days: 63
stability: 63.20230203003316
state: 2
tags: ?
title: 先弄清楚自己为什么要写卡片笔记？