annotate-colour: dodgerblue
created: 20241108122848256
creator: mxlcola
difficulty: 2.31442
due: 20260811080205999
elapsed_days: 96.77068864583333
lapses: 0
last_review: 20250223080205999
modified: 20241109011258182
modifier: mxlcola
reps: 3
scheduled_days: 534
stability: 534.2107161037883
state: 2
tags: ?
title: 先弄清楚自己为什么要写卡片笔记？