annotate-colour: dodgerblue
created: 20241109012754139
difficulty: 2.31442
due: 20260615015956253
elapsed_days: 88.51859228009259
lapses: 0
last_review: 20250215015956253
modified: 20241109012801634
reps: 3
revision: 0
scheduled_days: 485
stability: 484.5431229350223
state: 2
tags: ? RT-Thread内存管理
title: 内存碎片化

频繁地分配和释放小块内存可能会导致内存碎片