annotate-colour: green
created: 20250407143749782
difficulty: 4.087113999999999
due: 20270419001218699
elapsed_days: 235.9809558912037
lapses: 0
last_review: 20260106001218699
modified: 20250514150326486
reps: 4
scheduled_days: 468
stability: 467.5911892649352
state: 2
tags: 内存段 ? RAM ROM
title: 内存段的优化目的
type: text/markdown