annotate-colour: dodgerblue
created: 20250609144701336
difficulty: 3.148
due: 20270127060637045
elapsed_days: 161.72080774305556
lapses: 0
last_review: 20260105060637045
modified: 20250609144748849
reps: 2
scheduled_days: 387
stability: 386.9152869599931
state: 2
tags: 如何休息？ ?
title: 决策瘫痪
type: text/vnd.tiddlywiki

当过多的选择摆在我们面前时，我们更容易陷入决策瘫痪（Decision Paralysis）[1]。几乎每一个临时做决定的事情，都在消耗我们的精力，让我们感到疲惫。
