annotate-colour: green
created: 20250227141419333
difficulty: 4.93
due: 20250421003417059
elapsed_days: 3.422990775462963
lapses: 0
last_review: 20250411003417059
modified: 20250227141509637
reps: 3
scheduled_days: 10
stability: 10.246659394773937
state: 2
tags: 第七章：函数 ?
title: 函数的定义

函数的定义就是函数体的实现。[[函数体]]就是一个代码块，它在函数被调用时执行