annotate-colour: dodgerblue
created: 20250227141419333
difficulty: 4.078599999999999
due: 20260202103232906
elapsed_days: 58.41546118055555
lapses: 0
last_review: 20250608103232906
modified: 20250227141509637
reps: 4
scheduled_days: 239
stability: 238.97242823319792
state: 2
tags: 第七章：函数 ?
title: 函数的定义

函数的定义就是函数体的实现。[[函数体]]就是一个代码块，它在函数被调用时执行