annotate-colour: green
created: 20250326141005384
difficulty: 3.16582
due: 20260316145847954
elapsed_days: 103.59942233796296
lapses: 0
last_review: 20250723145847954
modified: 20250326141312818
reps: 3
scheduled_days: 236
stability: 236.30543082960068
state: 2
tags: HardFault问题 ? MSP PSP
title: 分析 HardFault_Handler 硬件中断一般步骤
type: text/markdown