annotate-colour: dodgerblue
created: 20250326141005384
difficulty: 3.148
due: 20250523003537864
elapsed_days: 5.783056064814815
lapses: 0
last_review: 20250411003537864
modified: 20250326141312818
reps: 2
scheduled_days: 42
stability: 41.98317987267243
state: 2
tags: HardFault问题 ? MSP PSP
title: 分析 HardFault_Handler 硬件中断一般步骤
type: text/markdown