annotate-colour: dodgerblue
created: 20241104142048395
creator: mxlcola
difficulty: 2.31442
due: 20260721012644138
elapsed_days: 95.43604743055556
lapses: 0
last_review: 20250216012644138
modified: 20241104142139085
modifier: mxlcola
reps: 3
revision: 1
scheduled_days: 520
stability: 519.8533125448038
state: 2
tags: 常见汇编指令 ?
title: 加法运算指令(ADD)

* - 加法运算指令(ADD)： `ADD r0,r1,r2`  意思为：r0=r1+r2
* - 减法运算指令(SUB)： `SUB r0,r1,r2`  意思为：r0=r1-r2