annotate-colour: dodgerblue
created: 20250407150604007
difficulty: 5.068304979999998
due: 20260727032446609
elapsed_days: 91.97555778935185
lapses: 0
last_review: 20250815032446609
modified: 20250515035957703
reps: 5
scheduled_days: 346
stability: 346.17369083484226
state: 2
tags: ? flash
title: 加载地址
type: text/markdown