annotate-colour: dodgerblue
created: 20250407150604007
difficulty: 5.939799999999999
due: 20250415023313005
elapsed_days: 1.0762833912037038
lapses: 0
last_review: 20250409023313005
modified: 20250407150635394
reps: 3
scheduled_days: 6
stability: 5.729723646474725
state: 2
tags: ? flash
title: 加载地址
type: text/markdown