annotate-colour: dodgerblue
created: 20241124143332729
creator: mxlcola
difficulty: 3.148
due: 20250111042220006
elapsed_days: 5.597205509259259
lapses: 0
last_review: 20241201042220006
modified: 20241125003810227
modifier: mxlcola
reps: 2
revision: 0
scheduled_days: 41
stability: 40.8844644721805
state: 2
tags: ?
title: 努力不能代替思考，学习必须要会动脑
type: text/vnd.tiddlywiki

努力不能代替思考，学习必须要会动脑。

不想动脑的时候就放纵自己好好娱乐，不要为缓解焦虑而学习。