annotate-colour: dodgerblue
created: 20250625145120409
difficulty: 3.2357139999999993
due: 20280820071239473
elapsed_days: 200.3267747800926
lapses: 0
last_review: 20260307071239473
modified: 20250625145156738
reps: 4
scheduled_days: 897
stability: 897.1045489493564
state: 2
tags: ? flash
title: 单片机函数保存在哪里？
type: text/vnd.tiddlywiki

一般是flash中