annotate-colour: dodgerblue
created: 20241126140651058
creator: mxlcola
difficulty: 3.148
due: 20250114120653512
elapsed_days: 5.890313611111111
lapses: 0
last_review: 20241202120653512
modified: 20241126140742714
modifier: mxlcola
reps: 2
revision: 0
scheduled_days: 43
stability: 42.615420532277554
state: 2
tags: 抽认卡 anki supermemo ?
title: 卡片基础功能就是利用生活中的零碎的时间
type: text/vnd.tiddlywiki

卡片作用就是利用生活中的零碎的时间，supermemo卡片功能再强大，他其实连卡片基本功能都无法承担。supermemo只能坐在PC端，这个是它最大的弱点
