annotate-colour: dodgerblue
created: 20241126140651058
creator: mxlcola
difficulty: 2.31442
due: 20260528075917093
elapsed_days: 82.82805072916666
lapses: 0
last_review: 20250223075917093
modified: 20241126140742714
modifier: mxlcola
reps: 3
scheduled_days: 459
stability: 458.98679872743514
state: 2
tags: 抽认卡 anki supermemo ?
title: 卡片基础功能就是利用生活中的零碎的时间
type: text/vnd.tiddlywiki

卡片作用就是利用生活中的零碎的时间，supermemo卡片功能再强大，他其实连卡片基本功能都无法承担。supermemo只能坐在PC端，这个是它最大的弱点
