annotate-colour: dodgerblue
created: 20241102123904813
creator: mxlcola
difficulty: 1.4891758000000002
due: 20320220071138356
elapsed_days: 425.0187408101852
lapses: 0
last_review: 20260307071138356
modified: 20241102124148865
modifier: mxlcola
reps: 4
scheduled_days: 2176
stability: 2175.7983067073333
state: 2
tags: 笔记思维 ? 卢曼笔记法 笔记软件思考
title: 卢曼笔记法和康奈尔笔记法之间的联系？

「卢曼笔记法」中能被写上卡片的内容，是在起码熟练掌握了[[康奈尔笔记法]]以后，跳步骤，直接写“概要”。在卢曼卡片法里，这被称为「[[原子化]]」