annotate-colour: dodgerblue
created: 20241124013648805
creator: mxlcola
difficulty: 3.148
due: 20250128120759503
elapsed_days: 8.43146318287037
lapses: 0
last_review: 20241202120759503
modified: 20241124013717013
modifier: mxlcola
reps: 2
scheduled_days: 57
stability: 57.20817257653436
state: 2
tags: 减肥 心理学 工作焦虑
title: 压力导致的负反馈循环
type: text/vnd.tiddlywiki

压力是负反馈循环的绝佳导火索，它会触发一个坏习惯，坏习惯又会触发内疚感、内心的焦虑和更多压力，这些消极因素会再次触发这个习惯。