annotate-colour: dodgerblue
created: 20241102114236891
creator: mxlcola
difficulty: 2.3236329400000004
due: 20260713120821023
elapsed_days: 93.98628688657408
lapses: 0
last_review: 20250217120821023
modified: 20241102114258009
modifier: mxlcola
reps: 4
scheduled_days: 511
stability: 511.4980741450448
state: 2
tags: ? 墨水屏
title: 双稳态技术
type: text/markdown