annotate-colour: green
created: 20241102114236891
creator: mxlcola
difficulty: 3.9994
due: 20241130121604782
elapsed_days: 6.027201041666666
lapses: 0
last_review: 20241110121604782
modified: 20241102114258009
modifier: mxlcola
reps: 2
scheduled_days: 20
stability: 20.213931481833292
state: 2
tags: ? 墨水屏
title: 双稳态技术
type: text/markdown