annotate-colour: dodgerblue
created: 20241102114236891
creator: mxlcola
difficulty: 3.157306
due: 20250102122805836
elapsed_days: 5.008345509259259
lapses: 0
last_review: 20241115122805836
modified: 20241102114258009
modifier: mxlcola
reps: 3
revision: 0
scheduled_days: 48
stability: 47.65170900397967
state: 2
tags: ? 墨水屏
title: 双稳态技术
type: text/markdown