annotate-colour: dodgerblue
created: 20250407143102056
difficulty: 3.148
due: 20251113034947342
elapsed_days: 37.129628842592595
lapses: 0
last_review: 20250515034947342
modified: 20250515034946804
reps: 2
scheduled_days: 182
stability: 181.77802636378183
state: 2
tags: 段的概念 ? const
title: 只读数据段 (RO-DATA)
type: text/markdown