annotate-colour: dodgerblue
created: 20250217142056119
difficulty: 2.31442
due: 20291014010607831
elapsed_days: 282.0178841550926
lapses: 0
last_review: 20260108010607831
modified: 20260108010606909
reps: 3
scheduled_days: 1375
stability: 1374.5417235500124
state: 2
tags: ?
title: 右值
type: text/markdown