annotate-colour: dodgerblue
created: 20250217142056119
difficulty: 3.148
due: 20251015004022641
elapsed_days: 42.008833483796295
lapses: 0
last_review: 20250401004022641
modified: 20250217142252167
reps: 2
scheduled_days: 197
stability: 197.47949790995196
state: 2
tags: ?
title: 右值
type: text/markdown