annotate-colour: dodgerblue
created: 20250407143601875
difficulty: 3.148
due: 20251113053906352
elapsed_days: 37.20627872685185
lapses: 0
last_review: 20250515053906352
modified: 20250515053848261
reps: 2
scheduled_days: 182
stability: 182.0343192346925
state: 2
tags: 段的概念 ?
title: 堆区
type: text/markdown