annotate-colour: dodgerblue
created: 20250407143601875
difficulty: 2.31442
due: 20290811035423287
elapsed_days: 261.92727936342595
lapses: 0
last_review: 20260201035423287
modified: 20250515053848261
reps: 3
scheduled_days: 1287
stability: 1287.1091671065988
state: 2
tags: 段的概念 ?
title: 堆区
type: text/markdown