annotate-colour: green
created: 20241102113707110
creator: mxlcola
difficulty: 2.3405758000000003
due: 20250126123539830
elapsed_days: 0.0011597916666666666
lapses: 0
last_review: 20241115123539830
modified: 20241110121547253
modifier: mxlcola
reps: 4
revision: 0
scheduled_days: 72
stability: 71.3127401129041
state: 2
tags: 墨水屏 ?
title: 墨水屏本质
type: text/markdown