annotate-colour: dodgerblue
created: 20241102114129880
creator: mxlcola
difficulty: 3.157306
due: 20250408042035412
elapsed_days: 20.669740532407406
lapses: 0
last_review: 20241201042035412
modified: 20241102114154840
modifier: mxlcola
reps: 3
revision: 0
scheduled_days: 128
stability: 128.4970022721661
state: 2
tags: 墨水屏 ?
title: 墨水屏显示原理
type: text/markdown