annotate-colour: dodgerblue
created: 20241102113935854
creator: mxlcola
difficulty: 3.148
due: 20241223121614100
elapsed_days: 6.027367476851852
lapses: 0
last_review: 20241110121614100
modified: 20241102113958159
modifier: mxlcola
reps: 2
scheduled_days: 43
stability: 43.42133852553289
state: 2
tags: 墨水屏 ?
title: 墨水屏优缺点
type: text/markdown