annotate-colour: dodgerblue
created: 20241102113707110
creator: mxlcola
difficulty: 3.148
due: 20241223121547949
elapsed_days: 6.027192650462963
lapses: 0
last_review: 20241110121547949
modified: 20241110121547253
modifier: mxlcola
reps: 2
scheduled_days: 43
stability: 43.42031189180295
state: 2
tags: 墨水屏 ?
title: 墨水屏本质
type: text/markdown