annotate-colour: dodgerblue
created: 20241102113935854
creator: mxlcola
difficulty: 2.31442
due: 20250125122809229
elapsed_days: 5.008276956018518
lapses: 0
last_review: 20241115122809229
modified: 20241102113958159
modifier: mxlcola
reps: 3
revision: 0
scheduled_days: 71
stability: 71.28702597049853
state: 2
tags: 墨水屏 ?
title: 墨水屏优缺点
type: text/markdown