annotate-colour: dodgerblue
created: 20241102113935854
creator: mxlcola
difficulty: 1.4891758000000002
due: 20270418130541236
elapsed_days: 131.0260649074074
lapses: 0
last_review: 20250326130541236
modified: 20241102113958159
modifier: mxlcola
reps: 4
scheduled_days: 753
stability: 753.1997010821578
state: 2
tags: 墨水屏 ?
title: 墨水屏优缺点
type: text/markdown