annotate-colour: dodgerblue
created: 20241102114129880
creator: mxlcola
difficulty: 2.3236329400000004
due: 20270318004107420
elapsed_days: 127.84759268518519
lapses: 0
last_review: 20250408004107420
modified: 20241102114154840
modifier: mxlcola
reps: 4
scheduled_days: 709
stability: 708.562277100757
state: 2
tags: 墨水屏 ?
title: 墨水屏显示原理
type: text/markdown