annotate-colour: dodgerblue
created: 20241204110828453
creator: mxlcola
difficulty: 2.31442
due: 20261006130720038
elapsed_days: 105.00477141203703
lapses: 0
last_review: 20250326130720038
modified: 20241210132850542
modifier: mxlcola
reps: 3
scheduled_days: 559
stability: 558.8606538089791
state: 2
tags: ? GPIO GPIO八种模式
title: 复用推挽输出模式

（GPIO_MODE_AF_PP）。