annotate-colour: dodgerblue
created: 20241204110828453
creator: mxlcola
difficulty: 3.148
due: 20250126130027788
elapsed_days: 6.515754305555555
lapses: 0
last_review: 20241211130027788
modified: 20241210132850542
modifier: mxlcola
reps: 2
revision: 0
scheduled_days: 46
stability: 46.27542548305251
state: 2
tags: ? GPIO GPIO八种模式
title: 复用推挽输出模式

（GPIO_MODE_AF_PP）。