annotate-colour: dodgerblue
created: 20241112144240923
creator: mxlcola
difficulty: 4.078599999999999
due: 20241122234249934
elapsed_days: 1.0020526620370371
lapses: 0
last_review: 20241113234249934
modified: 20241112144327268
modifier: mxlcola
reps: 3
scheduled_days: 9
stability: 8.75127758393526
state: 2
tags: ? 心理学
title: 大脑不喜欢“悬而未决”的状态
type: text/vnd.tiddlywiki

我们大脑很难真正“忽略”某件未完成的事情。尽管我们暂时认为这件事“不那么重要”，但由于它没有被妥善处理或计划，它会变成一个心理负担。''未决的问题会在潜意识中反复出现，带来一种持续的压力''

