annotate-colour: dodgerblue
created: 20241112144240923
creator: mxlcola
difficulty: 3.2357139999999993
due: 20250126142239131
elapsed_days: 9.61098605324074
lapses: 0
last_review: 20241123142239131
modified: 20241119150332270
modifier: mxlcola
reps: 4
scheduled_days: 64
stability: 64.48031067808834
state: 2
tags: 心理学 ?
title: 大脑不喜欢“悬而未决”的状态
type: text/vnd.tiddlywiki

我们大脑很难真正“忽略”某件未完成的事情。尽管我们暂时认为这件事“不那么重要”，但由于它没有被妥善处理或计划，它会变成一个心理负担。''未决的问题会在潜意识中反复出现，带来一种持续的压力''

