annotate-colour: dodgerblue
created: 20250613112836307
difficulty: 4.078599999999999
due: 20251120144820034
elapsed_days: 25.516928356481483
lapses: 0
last_review: 20250811144820034
modified: 20250613112913343
reps: 3
scheduled_days: 101
stability: 101.46311680598191
state: 2
tags: 如何休息？ ?
title: 大脑活跃的两种模式？

当我们专注于工作时，大脑的活跃模式是[[CEN]]（中央执行网络）； 

而其他时间，大脑的活跃模式是[[DMN]]（默认模式网络）。
