annotate-colour: dodgerblue
created: 20241112144240923
creator: mxlcola
difficulty: 2.4012568599999997
due: 20260608130012734
elapsed_days: 84.94275002314815
lapses: 0
last_review: 20250216130012734
modified: 20241119150332270
modifier: mxlcola
reps: 5
scheduled_days: 477
stability: 477.08129012897234
state: 2
tags: 心理学 ?
title: 大脑不喜欢“悬而未决”的状态
type: text/vnd.tiddlywiki

我们大脑很难真正“忽略”某件未完成的事情。尽管我们暂时认为这件事“不那么重要”，但由于它没有被妥善处理或计划，它会变成一个心理负担。''未决的问题会在潜意识中反复出现，带来一种持续的压力''

