annotate-colour: dodgerblue
created: 20250613112836307
difficulty: 3.2357139999999993
due: 20280402035535144
elapsed_days: 173.54670270833333
lapses: 0
last_review: 20260201035535144
modified: 20250613112913343
reps: 4
scheduled_days: 791
stability: 791.3724983767439
state: 2
tags: 如何休息？ ?
title: 大脑活跃的两种模式？

当我们专注于工作时，大脑的活跃模式是[[CEN]]（中央执行网络）； 

而其他时间，大脑的活跃模式是[[DMN]]（默认模式网络）。
