annotate-colour: dodgerblue
created: 20241102070248115
creator: mxlcola
difficulty: 2.31442
due: 20251017085339403
elapsed_days: 47.86218086805555
lapses: 0
last_review: 20241226085339403
modified: 20241102070333747
modifier: mxlcola
reps: 3
scheduled_days: 295
stability: 295.0747116194043
state: 2
tags: 笔记思维 TiddlywikiTip ?
title: 奥卡姆剃刀原则

还记得奥卡姆剃刀原则吗？''如无必要，勿增实体。'' 功能越多，问题越多。简单实用稳定就是最好的！