annotate-colour: dodgerblue
created: 20241102070248115
creator: mxlcola
difficulty: 3.148
due: 20241222121206977
elapsed_days: 6.062827974537037
lapses: 0
last_review: 20241108121206977
modified: 20241102070333747
modifier: mxlcola
reps: 2
scheduled_days: 44
stability: 43.6294996312665
state: 2
tags: 笔记思维 TiddlywikiTip ?
title: 奥卡姆剃刀原则

还记得奥卡姆剃刀原则吗？''如无必要，勿增实体。'' 功能越多，问题越多。简单实用稳定就是最好的！