annotate-colour: green
created: 20241126130105517
difficulty: 4.86862
due: 20250302080725429
elapsed_days: 0.00546943287037037
lapses: 1
last_review: 20250223080725429
modified: 20241126130246738
reps: 4
scheduled_days: 7
stability: 6.719491920088726
state: 2
tags: 信号量 ?
title: 如何解决优先级反转？
type: text/markdown