annotate-colour: dodgerblue
created: 20241126085546398
difficulty: 3.148
due: 20250115115315987
elapsed_days: 6.112964664351852
lapses: 0
last_review: 20241202115315987
modified: 20241126085720868
reps: 2
scheduled_days: 44
stability: 43.92356309186357
state: 2
tags: 想法
title: 如果没有记录，仿佛那些事情就没有发生过
type: text/vnd.tiddlywiki

是年龄大了以后，''如果找不到当年的日记，聊天记录和笔记本之类的，就会完全不记得，仿佛当年那些事情没有发生过，似乎没有增长自己的智慧和经验，也不会对当下造成影响。''