annotate-colour: dodgerblue
created: 20241126085546398
difficulty: 2.31442
due: 20260414023842213
elapsed_days: 74.61488686342592
lapses: 0
last_review: 20250215023842213
modified: 20241126085720868
reps: 3
revision: 0
scheduled_days: 423
stability: 422.51899011288555
state: 2
tags: 想法
title: 如果没有记录，仿佛那些事情就没有发生过
type: text/vnd.tiddlywiki

是年龄大了以后，''如果找不到当年的日记，聊天记录和笔记本之类的，就会完全不记得，仿佛当年那些事情没有发生过，似乎没有增长自己的智慧和经验，也不会对当下造成影响。''