annotate-colour: dodgerblue
created: 20241204112129451
difficulty: 3.148
due: 20250126130009994
elapsed_days: 6.515976087962963
lapses: 0
last_review: 20241211130009994
modified: 20241204112407838
reps: 2
revision: 0
scheduled_days: 46
stability: 46.27671528518028
state: 2
tags: PWM ? 定时器
title: 定时器的预分频器（Prescaler）
type: text/markdown