annotate-colour: dodgerblue
created: 20241204112129451
difficulty: 2.31442
due: 20261006130712248
elapsed_days: 105.00488724537037
lapses: 0
last_review: 20250326130712248
modified: 20250326130706307
reps: 3
scheduled_days: 559
stability: 558.8622020018561
state: 2
tags: PWM ? 定时器
title: 定时器的预分频器（Prescaler）
type: text/markdown