annotate-colour: green
created: 20241114145221571
creator: mxlcola
difficulty: 3.16582
due: 20250906011655354
elapsed_days: 84.11566543981482
lapses: 0
last_review: 20250216011655354
modified: 20241114145341993
modifier: mxlcola
reps: 3
revision: 1
scheduled_days: 202
stability: 201.62582344596265
state: 2
tags: 《28天情绪日记》 ?
title: 对快乐的定义？
type: text/vnd.tiddlywiki

快乐是内心的''平静''、''满足''、''愉悦''、''接纳''和''感恩''

每个人都值得快乐的生活，这和你是谁、你取得了什么成就无关