annotate-colour: green
created: 20250407143915538
difficulty: 5.851293999999998
due: 20250809013659624
elapsed_days: 55.04297916666667
lapses: 0
last_review: 20250605013659624
modified: 20250515130019479
reps: 4
scheduled_days: 65
stability: 65.23845544898286
state: 2
tags: 内存段 ? ROM
title: 嵌入式系统中的内存布局
type: text/markdown