annotate-colour: dodgerblue
created: 20250407143915538
difficulty: 4.9998939999999985
due: 20250918035358849
elapsed_days: 35.138109085648146
lapses: 0
last_review: 20250516035358849
modified: 20250407143942817
reps: 4
scheduled_days: 125
stability: 124.51111408338002
state: 2
tags: 内存段 ?
title: 嵌入式系统中的内存布局
type: text/markdown