annotate-colour: dodgerblue
created: 20250217142025578
difficulty: 3.148
due: 20251113003430336
elapsed_days: 37.780513657407404
lapses: 0
last_review: 20250513003430336
modified: 20250217142303388
reps: 2
scheduled_days: 184
stability: 183.9442811799729
state: 2
tags: ?
title: 左值
type: text/markdown