annotate-colour: dodgerblue
created: 20250217142025578
difficulty: 3.157306
due: 20280708121803897
elapsed_days: 217.8859410763889
lapses: 0
last_review: 20251218121803897
modified: 20250217142303388
reps: 3
scheduled_days: 933
stability: 932.7629765306016
state: 2
tags: ?
title: 左值
type: text/markdown