annotate-colour: green
created: 20250217142025578
difficulty: 3.9994
due: 20250729150218587
elapsed_days: 39.38315545138889
lapses: 0
last_review: 20250514150218587
modified: 20250217142303388
reps: 2
scheduled_days: 76
stability: 76.0613763775476
state: 2
tags: ?
title: 左值
type: text/markdown