annotate-colour: dodgerblue
created: 20241219121420982
difficulty: 3.2357139999999993
due: 20270608005455959
elapsed_days: 134.01109350694443
lapses: 0
last_review: 20250813005455959
modified: 20250812052552122
reps: 4
scheduled_days: 664
stability: 664.1041551184223
state: 2
tags: 串口 ?
title: 差分
wysiwyg: yes

差分：靠两个差分引脚的''电压差''来传输信号的通信时无需GND

RS485