annotate-colour: dodgerblue
created: 20231203035959353
creator: 老乐
difficulty: 3.2357139999999993
due: 20250613085148350
elapsed_days: 29.222434953703704
lapses: 0
last_review: 20241226085148350
modified: 20241123223126178
modifier: 老乐
reps: 4
revision: 0
scheduled_days: 169
stability: 168.51938627900233
state: 2
tags: 乐天记录减肥法 控制饮食 心态 ?
title: 应该是和食物和解，而不是控制饮食
type: text/vnd.tiddlywiki

尊重自己的食物，而不是当作敌人