annotate-colour: dodgerblue
created: 20231203035959353
creator: 老乐
difficulty: 2.4012568599999997
due: 20280727145615749
elapsed_days: 217.25309489583333
lapses: 0
last_review: 20250731145615749
modified: 20241123223126178
modifier: 老乐
reps: 5
scheduled_days: 1092
stability: 1092.4697624646567
state: 2
tags: 乐天记录减肥法 控制饮食 心态 ?
title: 应该是和食物和解，而不是控制饮食
type: text/vnd.tiddlywiki

尊重自己的食物，而不是当作敌人