annotate-colour: dodgerblue
created: 20231203035959353
creator: 老乐
difficulty: 4.078599999999999
due: 20241218033129967
elapsed_days: 3.1101467939814813
lapses: 0
last_review: 20241127033129967
modified: 20241123223126178
modifier: 老乐
reps: 3
scheduled_days: 21
stability: 21.145098675208136
state: 2
tags: 乐天记录减肥法 控制饮食 心态 ?
title: 应该是和食物和解，而不是控制饮食
type: text/vnd.tiddlywiki

尊重自己的食物，而不是当作敌人