annotate-colour: dodgerblue
created: 20241112142654471
creator: mxlcola
difficulty: 4.078599999999999
due: 20241222133226886
elapsed_days: 5.578068726851852
lapses: 0
last_review: 20241118133226886
modified: 20241112143052406
modifier: mxlcola
reps: 3
scheduled_days: 34
stability: 34.159208290656224
state: 2
tags: 第2章掌控生活：横向管理工作流程的5个步骤 ?
title: 建立系统的目的
type: text/vnd.tiddlywiki

''建立系统的目的是为了让它发挥作用，而不是拥有它''