annotate-colour: dodgerblue
created: 20241112142654471
creator: mxlcola
difficulty: 2.4012568599999997
due: 20300628121747572
elapsed_days: 357.1406724768519
lapses: 0
last_review: 20251218121747572
modified: 20241203130103138
modifier: mxlcola
reps: 5
scheduled_days: 1653
stability: 1652.824179532718
state: 2
tags: 第2章掌控生活：横向管理工作流程的5个步骤 ? 系统化
title: 建立系统的目的
type: text/vnd.tiddlywiki

''建立系统的目的是为了让它发挥作用，而不是拥有它''