annotate-colour: dodgerblue
created: 20241112142654471
creator: mxlcola
difficulty: 3.2357139999999993
due: 20250729085513471
elapsed_days: 37.80748357638889
lapses: 0
last_review: 20241226085513471
modified: 20241203130103138
modifier: mxlcola
reps: 4
scheduled_days: 215
stability: 215.2427057321121
state: 2
tags: 第2章掌控生活：横向管理工作流程的5个步骤 ? 系统化
title: 建立系统的目的
type: text/vnd.tiddlywiki

''建立系统的目的是为了让它发挥作用，而不是拥有它''