annotate-colour: dodgerblue
created: 20250326140448140
difficulty: 4.929914859999998
due: 20260805081839406
elapsed_days: 118.27229995370371
lapses: 1
last_review: 20251109081839406
modified: 20250327134252111
reps: 6
scheduled_days: 269
stability: 269.0114691323573
state: 2
tags: HardFault问题 ? 内核 寄存器
title: 异常发生时，内核如何保存上下文？
type: text/markdown