annotate-colour: red
created: 20250326140448140
difficulty: 5.789913999999999
due: 20250617135551378
elapsed_days: 73.33746613425926
lapses: 1
last_review: 20250617135051378
modified: 20250327134252111
reps: 4
scheduled_days: 0
stability: 6.404220450728157
state: 3
tags: HardFault问题 ? 内核 寄存器
title: 异常发生时，内核如何保存上下文？
type: text/markdown