annotate-colour: dodgerblue
created: 20250613113338010
difficulty: 3.148
due: 20260201232842274
elapsed_days: 32.87871381944444
lapses: 0
last_review: 20250818232842274
modified: 20250613113435150
reps: 2
scheduled_days: 167
stability: 167.04790600925452
state: 2
tags: DMN 如何休息？ ?
title: 当人们处于DMN的时候，感受到的幸福感都会更低，更不快乐
type: text/vnd.tiddlywiki

因此，一个常见的现象是：''越是闲下来，越容易胡思乱想，心绪不宁；反过来，忙起来的时候，虽然很累，但也很充实，反而不容易产生种种杂念和烦恼''。根源就在这里。
