annotate-colour: green
created: 20241109140813305
creator: mxlcola
difficulty: 3.16582
due: 20250824142732791
elapsed_days: 75.10675341435186
lapses: 0
last_review: 20250215142732791
modified: 20250215142732169
modifier: mxlcola
reps: 3
revision: 0
scheduled_days: 190
stability: 189.8415035033112
state: 2
tags: 日志
title: 想要给ipad贴上类纸膜，使用微信读书涂鸦
type: text/vnd.tiddlywiki

2024-11-10 类纸膜已经买到了

实际体验并不怎么好，在写字的时候屏幕有吱吱声