annotate-colour: dodgerblue
created: 20241112144744892
creator: mxlcola
difficulty: 5.078301999999998
due: 20250223005023122
elapsed_days: 15.435959282407408
lapses: 0
last_review: 20241209005023122
modified: 20241119150345322
modifier: mxlcola
reps: 4
revision: 0
scheduled_days: 76
stability: 75.55597962957438
state: 2
tags: 第2章掌控生活：横向管理工作流程的5个步骤 闪念笔记 ?
title: 我们应该收集哪些信息？
type: text/vnd.tiddlywiki

你需要寻找和收集你的一切[[未竟之事]]，无论大小、轻重、缓急，只要是那些等待处理的、需要改进的、引起注意的事务，都要收集起来。