annotate-colour: dodgerblue
created: 20241112144744892
creator: mxlcola
difficulty: 4.225418979999997
due: 20260726003953840
elapsed_days: 112.99271666666667
lapses: 0
last_review: 20250401003953840
modified: 20241119150345322
modifier: mxlcola
reps: 5
scheduled_days: 481
stability: 480.8897803795348
state: 2
tags: 第2章掌控生活：横向管理工作流程的5个步骤 闪念笔记 ?
title: 我们应该收集哪些信息？
type: text/vnd.tiddlywiki

你需要寻找和收集你的一切[[未竟之事]]，无论大小、轻重、缓急，只要是那些等待处理的、需要改进的、引起注意的事务，都要收集起来。