annotate-colour: dodgerblue
created: 20241112144744892
creator: mxlcola
difficulty: 5.939799999999999
due: 20241207142236241
elapsed_days: 3.966647372685185
lapses: 0
last_review: 20241123142236241
modified: 20241119150345322
modifier: mxlcola
reps: 3
scheduled_days: 14
stability: 14.452792775629257
state: 2
tags: 第2章掌控生活：横向管理工作流程的5个步骤 闪念笔记 ?
title: 我们应该收集哪些信息？
type: text/vnd.tiddlywiki

你需要寻找和收集你的一切[[未竟之事]]，无论大小、轻重、缓急，只要是那些等待处理的、需要改进的、引起注意的事务，都要收集起来。