annotate-colour: dodgerblue
created: 20250613114048872
difficulty: 3.148
due: 20270107060922417
elapsed_days: 139.27541505787036
lapses: 0
last_review: 20260105060922417
modified: 20250613114204693
reps: 2
scheduled_days: 367
stability: 367.0378677953848
state: 2
tags: 如何休息？ DMN ?
title: 我们什么都不做也会感到疲惫的原因？
type: text/vnd.tiddlywiki

1、主要动脑，就会感到疲惫，实际上是由大脑中的激素、[[神经递质]]失衡导致的，什么都不做，多巴胺血清素这些能量物质也不会主动产生 

2、什么都不做，心理上还是没有离开工作，潜意识还在想这些事情
