annotate-colour: green
created: 20241128122309734
difficulty: 3.16582
due: 20250820020230270
elapsed_days: 72.05522939814814
lapses: 0
last_review: 20250215020230270
modified: 20241128122707601
reps: 3
scheduled_days: 186
stability: 185.85815827859597
state: 2
tags: 工作积累
title: 技术债务
type: text/vnd.tiddlywiki

技术债务，是软件行业的一个用语，主要是指为了短期方便采用了一个简单和快速部署，但是很难扩展的技术方案;

''随着时间流逝和系统复杂度的增加，切换到扩展性更好的技术方案，所需要的人力物力成本越来越大。''


然而，时间限制可能导致项目负责人跳过代码重写阶段，直接在不良代码基础上继续开发所需功能。