annotate-colour: dodgerblue
created: 20241127034111283
difficulty: 3.148
due: 20250117062030593
elapsed_days: 6.204131261574074
lapses: 0
last_review: 20241204062030593
modified: 20241127034300519
reps: 2
scheduled_days: 44
stability: 44.45752665402337
state: 2
tags: 想法
title: 把刷卡当游戏
type: text/vnd.tiddlywiki

手机端 tiddlywiki 我把太微教程也当做一个卡组放进去，有时间的时候就可以拿来刷一刷
