annotate-colour: dodgerblue
created: 20241124122009856
creator: mxlcola
difficulty: 2.4012568599999997
due: 20261226054228863
elapsed_days: 117.21242929398149
lapses: 0
last_review: 20250405054228863
modified: 20241124122224598
modifier: mxlcola
reps: 5
scheduled_days: 630
stability: 630.2034874029409
state: 2
tags: anki ?
title: 拆书学习法
type: text/markdown