annotate-colour: dodgerblue
created: 20241124122009856
creator: mxlcola
difficulty: 3.2357139999999993
due: 20250303003634971
elapsed_days: 13.0201128125
lapses: 0
last_review: 20241209003634971
modified: 20241124122224598
modifier: mxlcola
reps: 4
revision: 0
scheduled_days: 84
stability: 83.92604247785975
state: 2
tags: anki ?
title: 拆书学习法
type: text/markdown