annotate-colour: dodgerblue
created: 20241124122009856
creator: mxlcola
difficulty: 4.078599999999999
due: 20241207000737223
elapsed_days: 1.420296099537037
lapses: 0
last_review: 20241126000737223
modified: 20241124122224598
modifier: mxlcola
reps: 3
scheduled_days: 11
stability: 11.3116876716541
state: 2
tags: anki ?
title: 拆书学习法
type: text/markdown