annotate-colour: dodgerblue
created: 20250217143515015
difficulty: 4.157007999999998
due: 20260131103218187
elapsed_days: 60.332249618055556
lapses: 0
last_review: 20250608103218187
modified: 20250608103153922
reps: 4
scheduled_days: 237
stability: 237.21575257290033
state: 2
tags: 指针 ? 寄存器 地址映射
title: 指针常量
type: text/markdown