annotate-colour: orange
created: 20250217142635945
difficulty: 4.938513999999999
due: 20250801105837648
elapsed_days: 60.433067962962966
lapses: 0
last_review: 20250610105837648
modified: 20250217143029715
reps: 5
scheduled_days: 52
stability: 51.73765492583137
state: 2
tags: 指针 ?
title: 指针变量
type: text/markdown