annotate-colour: dodgerblue
created: 20250217142958870
difficulty: 3.2357139999999993
due: 20270705232948887
elapsed_days: 139.9519090162037
lapses: 0
last_review: 20250818232948887
modified: 20250217143026726
reps: 4
scheduled_days: 686
stability: 686.3567839877969
state: 2
tags: ?
title: 指针变量的声明与初始化
type: text/markdown