annotate-colour: dodgerblue
created: 20250217143515015
difficulty: 5.009199999999998
due: 20250418023351821
elapsed_days: 1.506721400462963
lapses: 0
last_review: 20250409023351821
modified: 20250405055022801
reps: 3
scheduled_days: 9
stability: 9.314556652564452
state: 2
tags: 指针 ? 寄存器 地址映射
title: 指针常量
type: text/markdown