annotate-colour: dodgerblue
created: 20250217142958870
difficulty: 4.078599999999999
due: 20250808003903948
elapsed_days: 40.86823717592593
lapses: 0
last_review: 20250401003903948
modified: 20250217143026726
reps: 3
scheduled_days: 129
stability: 129.20182076005406
state: 2
tags: ?
title: 指针变量的声明与初始化
type: text/markdown