annotate-colour: dodgerblue
created: 20250217143515015
difficulty: 5.869999999999999
due: 20250409142411092
elapsed_days: 2.357271898148148
lapses: 0
last_review: 20250407142411092
modified: 20250405055022801
reps: 2
scheduled_days: 2
stability: 0.6
state: 2
tags: 指针 ? 寄存器 地址映射
title: 指针常量
type: text/markdown