annotate-colour: orange
created: 20241126021727678
difficulty: 4.8508
due: 20241212120535516
elapsed_days: 6.3657693981481485
lapses: 0
last_review: 20241202120535516
modified: 20241126021850112
reps: 2
scheduled_days: 10
stability: 10.20020774219944
state: 2
tags: LVGL ?
title: 按钮长按时间配置
type: text/markdown