annotate-colour: dodgerblue
created: 20241204110310828
difficulty: 3.148
due: 20250126125957276
elapsed_days: 6.515978310185186
lapses: 0
last_review: 20241211125957276
modified: 20241204110323843
reps: 2
revision: 0
scheduled_days: 46
stability: 46.27672820875078
state: 2
tags: PWM ?
title: 捕获比较值（CCR）

CCR（捕获比较值）：

* 决定了PWM信号的高电平持续时间。
* 当计数器的当前值CNT达到CCR时，PWM信号的输出状态（高电平或低电平）发生切换。