annotate-colour: dodgerblue
created: 20241204110310828
difficulty: 2.31442
due: 20261006130642743
elapsed_days: 105.0046929050926
lapses: 0
last_review: 20250326130642743
modified: 20241204110323843
reps: 3
scheduled_days: 559
stability: 558.8613809252187
state: 2
tags: PWM ?
title: 捕获比较值（CCR）

CCR（捕获比较值）：

* 决定了PWM信号的高电平持续时间。
* 当计数器的当前值CNT达到CCR时，PWM信号的输出状态（高电平或低电平）发生切换。