annotate-colour: dodgerblue
created: 20250819144837441
difficulty: 3.148
due: 20261113070850787
elapsed_days: 61.82711663194444
lapses: 0
last_review: 20260307070850787
modified: 20260104111747208
reps: 2
scheduled_days: 251
stability: 250.52065294567095
state: 2
tags: ? 开漏输出 推挽输出
title: 推挽输出和开漏输出有什么区别？什么时候选用开漏？
type: text/markdown