annotate-colour: dodgerblue
created: 20241124012541198
creator: mxlcola
difficulty: 3.148
due: 20250115140449864
elapsed_days: 6.51247587962963
lapses: 0
last_review: 20241130140449864
modified: 20241124012636655
modifier: mxlcola
reps: 2
scheduled_days: 46
stability: 46.25635874311174
state: 2
tags: 习惯 减肥
title: 改变行为的好策略，必须在最坏的情况下也能起作用
type: text/vnd.tiddlywiki

一种改变行为的好策略，必须在最坏的情况下还能发挥作用，所以这种策略最好在''意志力薄弱''的时候依然有效

