annotate-colour: dodgerblue
created: 20241203131407933
creator: mxlcola
difficulty: 2.3320618000000004
due: 20300129001212655
elapsed_days: 311.47338563657405
lapses: 0
last_review: 20260106001212655
modified: 20250228125016643
modifier: mxlcola
reps: 4
scheduled_days: 1484
stability: 1483.7474888471588
state: 2
tags: ? GTD 压力
title: 无压力状态

''并不是完全不需要再做任何事情，而是明确地知道自己现在应该做什么事情、应该优先开展什么行动。''