annotate-colour: dodgerblue
created: 20241203131407933
creator: mxlcola
difficulty: 3.148
due: 20250121003737203
elapsed_days: 5.763172488425926
lapses: 0
last_review: 20241210003737203
modified: 20241203131419975
modifier: mxlcola
reps: 2
scheduled_days: 42
stability: 41.86582577269337
state: 2
tags: ? GTD
title: 无压力状态

并不是完全不需要再做任何事情，而是明确地知道自己现在应该做什么事情、应该优先开展什么行动。