annotate-colour: green
created: 20241203131407933
creator: mxlcola
difficulty: 3.16582
due: 20250913125032135
elapsed_days: 80.5089691087963
lapses: 0
last_review: 20250228125032135
modified: 20250228125016643
modifier: mxlcola
reps: 3
scheduled_days: 197
stability: 197.49067657113406
state: 2
tags: ? GTD 压力
title: 无压力状态

''并不是完全不需要再做任何事情，而是明确地知道自己现在应该做什么事情、应该优先开展什么行动。''