annotate-colour: dodgerblue
created: 20241127040555329
difficulty: 3.148
due: 20250117062055338
elapsed_days: 6.144453773148149
lapses: 0
last_review: 20241204062055338
modified: 20241127072648139
reps: 2
scheduled_days: 44
stability: 44.108104404283694
state: 2
tags: 想法 笔记软件思考
title: 最好的工具就是使用成自然
type: text/vnd.tiddlywiki

最好的工具是让人最有欲望打开它、使用它，甚至连欲望都谈不上，而且成为习惯，习惯成自然