annotate-colour: dodgerblue
created: 20241127040555329
difficulty: 2.31442
due: 20260411010441837
elapsed_days: 73.78039931712964
lapses: 0
last_review: 20250216010441837
modified: 20241127072648139
reps: 3
revision: 1
scheduled_days: 419
stability: 418.7916923233575
state: 2
tags: 想法 笔记软件思考
title: 最好的工具就是使用成自然
type: text/vnd.tiddlywiki

最好的工具是让人最有欲望打开它、使用它，甚至连欲望都谈不上，而且成为习惯，习惯成自然