annotate-colour: dodgerblue
created: 20241102114318190
creator: mxlcola
difficulty: 3.148
due: 20241224143947282
elapsed_days: 6.125335856481481
lapses: 0
last_review: 20241110143947282
modified: 20241102114341141
modifier: mxlcola
reps: 2
scheduled_days: 44
stability: 43.996077992144635
state: 2
tags: ? 墨水屏
title: 有害蓝光
type: text/markdown