annotate-colour: dodgerblue
created: 20241102114318190
creator: mxlcola
difficulty: 2.31442
due: 20250125123630566
elapsed_days: 4.9143898842592595
lapses: 0
last_review: 20241115123630566
modified: 20241102114341141
modifier: mxlcola
reps: 3
revision: 0
scheduled_days: 71
stability: 71.29492709697001
state: 2
tags: ? 墨水屏
title: 有害蓝光
type: text/markdown