annotate-colour: dodgerblue
created: 20241102114318190
creator: mxlcola
difficulty: 1.4891758000000002
due: 20270418130552836
elapsed_days: 131.02039659722223
lapses: 0
last_review: 20250326130552836
modified: 20241102114341141
modifier: mxlcola
reps: 4
scheduled_days: 753
stability: 753.1782008160702
state: 2
tags: ? 墨水屏
title: 有害蓝光
type: text/markdown