annotate-colour: dodgerblue
created: 20250613113732672
difficulty: 4.157007999999998
due: 20270521121904267
elapsed_days: 128.89560443287036
lapses: 0
last_review: 20251218121904267
modified: 20250613114725300
reps: 4
scheduled_days: 519
stability: 519.3653006901632
state: 2
tags: 如何休息？ ? 积极休息
title: 有效的休息是什么？

有效的休息是什么？简而言之，就是通过去做一些事情，来增加[[多巴胺]]和[[血清素]]的分泌，降低[[腺苷]]和[[皮质醇]]的积累，从而让我们具备更高的能量状态。

[[积极的休息方式需要满足的两个条件？]]

[[有哪些积极休息的方式呢？]]