annotate-colour: dodgerblue
created: 20250613113732672
difficulty: 5.869999999999999
due: 20250619134855797
elapsed_days: 4.090120196759259
lapses: 0
last_review: 20250617134855797
modified: 20250613114725300
reps: 2
scheduled_days: 2
stability: 0.6
state: 2
tags: 如何休息？ ? 积极休息
title: 有效的休息是什么？

有效的休息是什么？简而言之，就是通过去做一些事情，来增加[[多巴胺]]和[[血清素]]的分泌，降低[[腺苷]]和[[皮质醇]]的积累，从而让我们具备更高的能量状态。

[[积极的休息方式需要满足的两个条件？]]

[[有哪些积极休息的方式呢？]]