annotate-colour: dodgerblue
created: 20241102114358415
creator: mxlcola
difficulty: 1.4891758000000002
due: 20320220071221276
elapsed_days: 425.01855273148146
lapses: 0
last_review: 20260307071221276
modified: 20241102114522972
modifier: mxlcola
reps: 4
scheduled_days: 2176
stability: 2175.6968015785337
state: 2
tags: 墨水屏 ?
title: 有背光的墨水屏也会有蓝光
type: text/markdown