annotate-colour: dodgerblue
created: 20241102114358415
creator: mxlcola
difficulty: 3.148
due: 20241224143954888
elapsed_days: 6.125751666666667
lapses: 0
last_review: 20241110143954888
modified: 20241102114522972
modifier: mxlcola
reps: 2
scheduled_days: 44
stability: 43.99851499288334
state: 2
tags: 墨水屏 ?
title: 有背光的墨水屏也会有蓝光
type: text/markdown