annotate-colour: dodgerblue
created: 20241102114358415
creator: mxlcola
difficulty: 2.31442
due: 20251210064538319
elapsed_days: 56.67064153935185
lapses: 0
last_review: 20250106064538319
modified: 20241102114522972
modifier: mxlcola
reps: 3
scheduled_days: 338
stability: 338.1682808674966
state: 2
tags: 墨水屏 ?
title: 有背光的墨水屏也会有蓝光
type: text/markdown