annotate-colour: dodgerblue
created: 20241128052635620
difficulty: 2.31442
due: 20260404020240452
elapsed_days: 72.82058034722222
lapses: 0
last_review: 20250215020240452
modified: 20241128052747931
reps: 3
scheduled_days: 413
stability: 412.53362733721127
state: 2
tags: 想法 读书
title: 朱熹：书不记，熟读可记；义不精，细思可精
type: text/vnd.tiddlywiki

“阅读是为了改变。”

只有使自身产生了变化，获得了成长，读书才算是有意义。