annotate-colour: dodgerblue
created: 20241128052635620
difficulty: 3.148
due: 20250114062102311
elapsed_days: 5.633289849537037
lapses: 0
last_review: 20241204062102311
modified: 20241128052747931
reps: 2
scheduled_days: 41
stability: 41.09810681096879
state: 2
tags: 想法 读书
title: 朱熹：书不记，熟读可记；义不精，细思可精
type: text/vnd.tiddlywiki

“阅读是为了改变。”

只有使自身产生了变化，获得了成长，读书才算是有意义。