annotate-colour: dodgerblue
created: 20241103024018478
creator: mxlcola
difficulty: 3.157306
due: 20250416120439519
elapsed_days: 21.9938021875
lapses: 0
last_review: 20241202120439519
modified: 20241202120438865
modifier: mxlcola
reps: 3
scheduled_days: 135
stability: 135.0039683255204
state: 2
tags: 《教的更少，学得更多》-序言 ?
title: 机械性学习

机械式学习存储的是没有关联的资讯


得到的知识几乎不能用于需要创造性的地方，''而且大多数时候很快就会被遗忘。''