annotate-colour: green
created: 20241103024018478
creator: mxlcola
difficulty: 3.9994
due: 20241130121335010
elapsed_days: 6.026908263888889
lapses: 0
last_review: 20241110121335010
modified: 20241110121334314
modifier: mxlcola
reps: 2
scheduled_days: 20
stability: 20.213272750851047
state: 2
tags: 《教的更少，学得更多》-序言 ?
title: 机械性学习

机械式学习通常导致学习者的脑子里面基本上没有联系地存储了一些资讯，而这样的方式并不能建立起来一个强有力的知识结构。这样的结果就是通过机械式学习得到的知识几乎不能用于需要创造性的地方，''而且大多数时候很快就会被遗忘。''