annotate-colour: dodgerblue
created: 20241103024018478
creator: mxlcola
difficulty: 2.3236329400000004
due: 20280110013731742
elapsed_days: 184.56449331018518
lapses: 0
last_review: 20250605013731742
modified: 20250605013731073
modifier: mxlcola
reps: 4
scheduled_days: 949
stability: 949.27610780587
state: 2
tags: 《教的更少，学得更多》-序言 ? 双链
title: 机械性学习

机械式学习存储的是没有关联的资讯


得到的知识几乎不能用于需要创造性的地方，''而且大多数时候很快就会被遗忘。''