annotate-colour: dodgerblue
created: 20250613113122343
difficulty: 3.148
due: 20251111144802169
elapsed_days: 15.08280519675926
lapses: 0
last_review: 20250811144802169
modified: 20250613113215404
reps: 2
scheduled_days: 92
stability: 92.15186948824645
state: 2
tags: ? 如何休息？ 潜意识
title: 杏仁核
type: text/vnd.tiddlywiki

回想起种种负面的担忧、焦虑和烦恼