annotate-colour: green
created: 20250613113122343
difficulty: 3.16582
due: 20261230101152100
elapsed_days: 149.8082167824074
lapses: 0
last_review: 20260108101152100
modified: 20250613113215404
reps: 3
scheduled_days: 356
stability: 355.76008894464366
state: 2
tags: ? 如何休息？ 潜意识
title: 杏仁核
type: text/vnd.tiddlywiki

回想起种种负面的担忧、焦虑和烦恼