annotate-colour: dodgerblue
created: 20241124142330724
creator: mxlcola
difficulty: 5.869999999999999
due: 20241127140206319
elapsed_days: 0.5617817476851852
lapses: 0
last_review: 20241125140206319
modified: 20241124142424691
modifier: mxlcola
reps: 2
scheduled_days: 2
stability: 0.6
state: 2
tags: anki与背单词 ?
title: 林语堂英文学习法
type: text/vnd.tiddlywiki

>学者最要的警语，是少用堆砌工夫，学时必整句吞下去，再整句吐出来，其文必顺，其音必正句法必通，用字必当。若凭字字译成英语，再依文法规则慢慢叠成句读，必一无是处，劳而无补。