annotate-colour: orange
created: 20250326135921479
difficulty: 5.789828859999998
due: 20260608061154556
elapsed_days: 201.68181680555554
lapses: 0
last_review: 20260105061154556
modified: 20250326140247080
reps: 6
scheduled_days: 154
stability: 154.4422600446431
state: 2
tags: HardFault问题 ?
title: 查看 LR 寄存器中的值，确定当时使用堆栈为 MSP 还是 PSP
type: text/markdown