annotate-colour: dodgerblue
created: 20250407143443607
difficulty: 3.148
due: 20251114125746386
elapsed_days: 37.51027456018519
lapses: 0
last_review: 20250515125746386
modified: 20250515125738762
reps: 2
scheduled_days: 183
stability: 183.04765216311895
state: 2
tags: 段的概念 ?
title: 栈区
type: text/markdown