annotate-colour: green
created: 20250327134023518
difficulty: 4.087113999999999
due: 20251201135215716
elapsed_days: 73.33826527777778
lapses: 0
last_review: 20250617135215716
modified: 20250327134111126
reps: 4
scheduled_days: 167
stability: 166.95659354785525
state: 2
tags: ARM [[ARM 架构及汇编]] ?
title: 汇编指令分类
type: text/markdown