annotate-colour: dodgerblue
created: 20250327134023518
difficulty: 3.244142859999999
due: 20290427071026071
elapsed_days: 262.72095318287035
lapses: 0
last_review: 20260307071026071
modified: 20250327134111126
reps: 5
scheduled_days: 1147
stability: 1147.2720316824184
state: 2
tags: ARM [[ARM 架构及汇编]] ?
title: 汇编指令分类
type: text/markdown