annotate-colour: dodgerblue
created: 20250327134023518
difficulty: 4.078599999999999
due: 20250516054509596
elapsed_days: 6.923394398148148
lapses: 0
last_review: 20250405054509596
modified: 20250327134111126
reps: 3
scheduled_days: 41
stability: 40.650930769814345
state: 2
tags: ARM [[ARM 架构及汇编]] ?
title: 汇编指令分类
type: text/markdown