annotate-colour: dodgerblue
created: 20241113232838301
creator: mxlcola
difficulty: 3.148
due: 20250117042058317
elapsed_days: 6.608116979166667
lapses: 0
last_review: 20241201042058317
modified: 20241124133526384
modifier: mxlcola
reps: 2
revision: 0
scheduled_days: 47
stability: 46.81208131932085
state: 2
tags: ? GTD
title: 清空大脑
type: text/vnd.tiddlywiki

清空大脑需要''外脑''

它涉及但不依赖于任何特定的外部系统 