annotate-colour: dodgerblue
created: 20241103023928526
creator: mxlcola
difficulty: 3.148
due: 20241223121509163
elapsed_days: 6.026918900462963
lapses: 0
last_review: 20241110121509163
modified: 20241110121508489
modifier: mxlcola
reps: 2
scheduled_days: 43
stability: 43.418704341374315
state: 2
tags: 《教的更少，学得更多》-序言 ?
title: 理解型学习

指新的概念和新的命题通过与学习者''已经有的知识之间的联系与已有知识有机地结合起来''的学习方式