annotate-colour: dodgerblue
created: 20241103023928526
creator: mxlcola
difficulty: 1.4891758000000002
due: 20320220071132018
elapsed_days: 425.0187179166667
lapses: 0
last_review: 20260307071132018
modified: 20241110121508489
modifier: mxlcola
reps: 4
scheduled_days: 2176
stability: 2175.798331708133
state: 2
tags: 《教的更少，学得更多》-序言 ?
title: 理解型学习

指新的概念和新的命题通过与学习者''已经有的知识之间的联系与已有知识有机地结合起来''的学习方式