annotate-colour: dodgerblue
created: 20241103023928526
creator: mxlcola
difficulty: 2.31442
due: 20251210064434792
elapsed_days: 56.77043550925926
lapses: 0
last_review: 20250106064434792
modified: 20241110121508489
modifier: mxlcola
reps: 3
revision: 0
scheduled_days: 338
stability: 338.3296041304941
state: 2
tags: 《教的更少，学得更多》-序言 ?
title: 理解型学习

指新的概念和新的命题通过与学习者''已经有的知识之间的联系与已有知识有机地结合起来''的学习方式