annotate-colour: dodgerblue
created: 20241123151848183
difficulty: 2.31442
due: 20260413020325043
elapsed_days: 74.59060054398148
lapses: 0
last_review: 20250215020325043
modified: 20241126090948109
reps: 3
scheduled_days: 422
stability: 422.4085546801903
state: 2
tags: 想法 Kindle supermemo
title: 电脑才是生产力
type: text/vnd.tiddlywiki

今天重新拿去supermemo进行学习，其实主要是导入新文章阅读

发现电脑上阅读比kindle上阅读快了好多，一章序言或者文章几分钟就搞定了，而在kindle上面看不到进度，屏幕的大小限制了我们的速度

另外也限制了我们对全局的把握，一篇文章真正有用的其实不多