annotate-colour: dodgerblue
created: 20241123151848183
difficulty: 3.148
due: 20250115115257155
elapsed_days: 6.113290219907407
lapses: 0
last_review: 20241202115257155
modified: 20241126090948109
reps: 2
scheduled_days: 44
stability: 43.925471594562545
state: 2
tags: 想法 Kindle supermemo
title: 电脑才是生产力
type: text/vnd.tiddlywiki

今天重新拿去supermemo进行学习，其实主要是导入新文章阅读

发现电脑上阅读比kindle上阅读快了好多，一章序言或者文章几分钟就搞定了，而在kindle上面看不到进度，屏幕的大小限制了我们的速度

另外也限制了我们对全局的把握，一篇文章真正有用的其实不多