annotate-colour: dodgerblue
created: 20241124012327354
creator: mxlcola
difficulty: 2.31442
due: 20260421023423542
elapsed_days: 74.60086854166667
lapses: 0
last_review: 20250215023423542
modified: 20241124012403843
modifier: mxlcola
reps: 3
revision: 0
scheduled_days: 430
stability: 430.1396530455303
state: 2
tags: 减肥
title: 瘦子心态
type: text/vnd.tiddlywiki

那么什么是瘦子心态呢？

瘦子的心态就是要”下意识，甚至无意识地少吃，他们可以随意吃随意喝，但是却怎么都不会发胖！"

