annotate-colour: dodgerblue
created: 20241130135326363
creator: mxlcola
difficulty: 3.148
due: 20250130131946046
elapsed_days: 7.397178912037037
lapses: 0
last_review: 20241210131946046
modified: 20241130135330116
modifier: mxlcola
reps: 2
scheduled_days: 51
stability: 51.35699267862232
state: 2
tags: 想法
title: 相对于你今后的每一天，现在的你都是最年轻的你