annotate-colour: dodgerblue
created: 20241130135326363
creator: mxlcola
difficulty: 2.31442
due: 20260317012408067
elapsed_days: 67.50303260416666
lapses: 0
last_review: 20250216012408067
modified: 20241130135330116
modifier: mxlcola
reps: 3
revision: 1
scheduled_days: 394
stability: 393.74160069809477
state: 2
tags: 想法
title: 相对于你今后的每一天，现在的你都是最年轻的你