annotate-colour: green
created: 20241128023829520
difficulty: 4.93
due: 20241209042503337
elapsed_days: 2.554159502314815
lapses: 0
last_review: 20241201042503337
modified: 20241128025632723
reps: 3
scheduled_days: 8
stability: 8.37607671502601
state: 2
tags: ?
title: 真林子大了什么鸟都有
type: text/markdown