annotate-colour: dodgerblue
created: 20241128023829520
difficulty: 4.078599999999999
due: 20250128081031609
elapsed_days: 8.156577233796297
lapses: 0
last_review: 20241209081031609
modified: 20241128025632723
reps: 4
revision: 0
scheduled_days: 50
stability: 50.406063192127256
state: 2
tags: ?
title: 真林子大了什么鸟都有
type: text/markdown