annotate-colour: orange
created: 20241128023829520
difficulty: 5.789828859999998
due: 20260119032505884
elapsed_days: 138.82584958333334
lapses: 0
last_review: 20250815032505884
modified: 20241128025632723
reps: 6
scheduled_days: 157
stability: 157.30932786146943
state: 2
tags: ?
title: 真林子大了什么鸟都有
type: text/markdown