annotate-colour: orange
created: 20241128023829520
difficulty: 4.938513999999999
due: 20250710073552480
elapsed_days: 109.97593599537036
lapses: 0
last_review: 20250329073552480
modified: 20241128025632723
reps: 5
scheduled_days: 103
stability: 102.60879499953018
state: 2
tags: ?
title: 真林子大了什么鸟都有
type: text/markdown