annotate-colour: dodgerblue
created: 20241102134727271
creator: mxlcola
difficulty: 4.078599999999999
due: 20241204121104687
elapsed_days: 3.9898591550925926
lapses: 0
last_review: 20241108121104687
modified: 20241102134842184
modifier: mxlcola
reps: 3
scheduled_days: 26
stability: 25.95814243192854
state: 2
tags: ? 笔记思考 卢曼笔记法
title: 知识卡片和概念图是什么关系？

信息被组织在一张大纸上，就是「[[概念图]]」，信息被拆开组织在多个连接起来的小纸片上，就是「卡片法」。
