annotate-colour: dodgerblue
created: 20241102134727271
creator: mxlcola
difficulty: 3.2357139999999993
due: 20250508060806042
elapsed_days: 25.747932314814815
lapses: 0
last_review: 20241204060806042
modified: 20241102134842184
modifier: mxlcola
reps: 4
revision: 0
scheduled_days: 155
stability: 154.9545119920165
state: 2
tags: ? 笔记思考 卢曼笔记法
title: 知识卡片和概念图是什么关系？

信息被组织在一张大纸上，就是「[[概念图]]」，信息被拆开组织在多个连接起来的小纸片上，就是「卡片法」。
