annotate-colour: green
created: 20241102134727271
creator: mxlcola
difficulty: 3.252656859999999
due: 20260920110133418
elapsed_days: 188.20378909722223
lapses: 0
last_review: 20250610110133418
modified: 20241102134842184
modifier: mxlcola
reps: 5
scheduled_days: 467
stability: 466.55964336663226
state: 2
tags: ? 笔记思考 卢曼笔记法
title: 知识卡片和概念图是什么关系？

信息被组织在一张大纸上，就是「[[概念图]]」，信息被拆开组织在多个连接起来的小纸片上，就是「卡片法」。
