annotate-colour: dodgerblue
created: 20241124143205522
creator: mxlcola
difficulty: 3.148
due: 20250111042416983
elapsed_days: 5.597743645833333
lapses: 0
last_review: 20241201042416983
modified: 20241124143322264
modifier: mxlcola
reps: 2
scheduled_days: 41
stability: 40.887651712163645
state: 2
tags: anki ?
title: 知识、工具、脑子的关系
type: text/vnd.tiddlywiki

真正的学习方法从未改变过，''一直都是将知识通过工具转移到脑子里，而不是将脑子停留在工具上。''