annotate-colour: dodgerblue
created: 20241124143205522
creator: mxlcola
difficulty: 2.31442
due: 20260510035127237
elapsed_days: 79.97720200231481
lapses: 0
last_review: 20250219035127237
modified: 20241124143322264
modifier: mxlcola
reps: 3
scheduled_days: 445
stability: 444.9881635184873
state: 2
tags: anki ?
title: 知识、工具、脑子的关系
type: text/vnd.tiddlywiki

真正的学习方法从未改变过，''一直都是将知识通过工具转移到脑子里，而不是将脑子停留在工具上。''