annotate-colour: dodgerblue
created: 20250610132958382
difficulty: 5.009199999999998
due: 20250801140129133
elapsed_days: 13.556892511574073
lapses: 0
last_review: 20250625140129133
modified: 20250613114303898
reps: 3
scheduled_days: 37
stability: 37.30356827953582
state: 2
tags: ?
title: 积极休息

!! 为什么叫「积极休息」呢？

它跟我们所理解的「休息」最大的区别在于：它不是要求你静下来、什么也不做，而是要求你更积极地去投入生活，通过去做更多的事情，''从行动中得到休息，从行动中消除疲劳。 '' 

!! 从行动中回血

只有当你主动、积极地去做一些事情，并从中得到有效的反馈，你的能量槽才能得到有效的补充，让你真正「''回血''」。 