annotate-colour: dodgerblue
created: 20250610132958382
difficulty: 5.869999999999999
due: 20250614003933619
elapsed_days: 1.4647512847222222
lapses: 0
last_review: 20250612003933619
modified: 20250610133018438
reps: 2
scheduled_days: 2
stability: 0.6
state: 2
tags: ?
title: 积极休息

只有当你主动、积极地去做一些事情，并从中得到有效的反馈，你的能量槽才能得到有效的补充，让你真正「''回血''」。 