annotate-colour: dodgerblue
created: 20250613114532096
difficulty: 3.2357139999999993
due: 20281007071841771
elapsed_days: 208.15142454861112
lapses: 0
last_review: 20260307071841771
modified: 20250811034038231
reps: 4
scheduled_days: 945
stability: 944.8698188808307
state: 2
tags: 积极休息 ? 清空 专注 心流
title: 积极的休息方式需要满足的两个条件？

''一是需要跟工作全然不同''，这样才能让我们从工作的场景中抽离出来，暂时「清空」后台，避免它们继续在后台堆积； 

''二是需要你专注地动脑思考''，最好是能够引领你进入心流状态，不能只是被动接收信息，什么也不干。
