annotate-colour: dodgerblue
created: 20250610132958382
difficulty: 5.869999999999999
due: 20250614003933619
elapsed_days: 1.4647512847222222
lapses: 0
last_review: 20250612003933619
modified: 20250613113859226
reps: 2
scheduled_days: 2
stability: 0.6
state: 2
tags: ?
title: 积极休息

!! 为什么叫「积极休息」呢？

它跟我们所理解的「休息」最大的区别在于：它不是要求你静下来、什么也不做，而是要求你更积极地去投入生活，通过去做更多的事情，''从行动中得到休息，从行动中消除疲劳。 '' 