annotate-colour: dodgerblue
created: 20250613114532096
difficulty: 4.078599999999999
due: 20260104034038687
elapsed_days: 54.577604594907406
lapses: 0
last_review: 20250811034038687
modified: 20250811034038231
reps: 3
scheduled_days: 146
stability: 145.8307502885529
state: 2
tags: 积极休息 ? 清空 专注 心流
title: 积极的休息方式需要满足的两个条件？

''一是需要跟工作全然不同''，这样才能让我们从工作的场景中抽离出来，暂时「清空」后台，避免它们继续在后台堆积； 

''二是需要你专注地动脑思考''，最好是能够引领你进入心流状态，不能只是被动接收信息，什么也不干。
