annotate-colour: dodgerblue
created: 20241129130804479
creator: mxlcola
difficulty: 2.31442
due: 20260326020304516
elapsed_days: 71.06113925925926
lapses: 0
last_review: 20250215020304516
modified: 20241129132143698
modifier: mxlcola
reps: 3
revision: 0
scheduled_days: 404
stability: 403.71724918894296
state: 2
tags: 想法
title: 终于有人说卡片笔记法这本书比较烂了
type: text/markdown