annotate-colour: dodgerblue
created: 20241129130804479
creator: mxlcola
difficulty: 3.148
due: 20250115003502083
elapsed_days: 5.440822997685185
lapses: 0
last_review: 20241206003502083
modified: 20241129132143698
modifier: mxlcola
reps: 2
scheduled_days: 40
stability: 39.956803307196374
state: 2
tags: 想法
title: 终于有人说卡片笔记法这本书比较烂了
type: text/markdown