annotate-colour: dodgerblue
created: 20231203034316779
creator: 老乐
difficulty: 4.078599999999999
due: 20241224003723919
elapsed_days: 2.8454514930555557
lapses: 0
last_review: 20241204003723919
modified: 20241130140508681
modifier: 老乐
reps: 3
scheduled_days: 20
stability: 19.65705282601587
state: 2
tags: ?
title: 能量收支
type: text/vnd.tiddlywiki

所谓的''能量缺口''只能让你体重降低，却未必能让你变成瘦子，因为瘦是一种生活方式，而不是一个生理指标。

