annotate-colour: dodgerblue
created: 20231203034316779
creator: 老乐
difficulty: 2.4012568599999997
due: 20280817034103066
elapsed_days: 216.87202141203704
lapses: 0
last_review: 20250811034103066
modified: 20250811034102657
modifier: 老乐
reps: 5
scheduled_days: 1102
stability: 1102.152354212013
state: 2
tags: ?
title: 能量收支
type: text/vnd.tiddlywiki

所谓的''能量缺口''只能让你体重降低，却未必能让你变成瘦子，''因为瘦是一种生活方式，而不是一个生理指标。''

