annotate-colour: dodgerblue
created: 20231203034316779
creator: 老乐
difficulty: 3.2357139999999993
due: 20250711064520415
elapsed_days: 33.25551498842593
lapses: 0
last_review: 20250106064520415
modified: 20241130140508681
modifier: 老乐
reps: 4
revision: 0
scheduled_days: 186
stability: 186.1823930276512
state: 2
tags: ?
title: 能量收支
type: text/vnd.tiddlywiki

所谓的''能量缺口''只能让你体重降低，却未必能让你变成瘦子，因为瘦是一种生活方式，而不是一个生理指标。

