annotate-colour: dodgerblue
created: 20241102140942645
creator: mxlcola
difficulty: 2.31442
due: 20251210064442778
elapsed_days: 56.768340439814814
lapses: 0
last_review: 20250106064442778
modified: 20241110121738963
modifier: mxlcola
reps: 3
scheduled_days: 338
stability: 338.32433706485074
state: 2
tags: 知识结构 ?
title: 自上而下和自下而上

那些讨论是“自上而下”还是“自下而上”的，本质上也是这个问题。自下而上自然是网，自上而下自然是僵硬的分层树。''网是真实，树是方便''。


