annotate-colour: dodgerblue
created: 20241102140942645
creator: mxlcola
difficulty: 1.4891758000000002
due: 20320220071142836
elapsed_days: 425.01875069444446
lapses: 0
last_review: 20260307071142836
modified: 20241110121738963
modifier: mxlcola
reps: 4
scheduled_days: 2176
stability: 2175.795170103944
state: 2
tags: 知识结构 ?
title: 自上而下和自下而上

那些讨论是“自上而下”还是“自下而上”的，本质上也是这个问题。自下而上自然是网，自上而下自然是僵硬的分层树。''网是真实，树是方便''。


