annotate-colour: dodgerblue
created: 20241204110228762
creator: mxlcola
difficulty: 3.148
due: 20250126130539225
elapsed_days: 6.5172765625
lapses: 0
last_review: 20241211130539225
modified: 20241211130538764
modifier: mxlcola
reps: 2
revision: 0
scheduled_days: 46
stability: 46.28427823631229
state: 2
tags: PWM ?
title: 自动重装载值（ARR）

ARR（自动重装载值）：

* 决定了定时器计数器的''周期''。
* 定时器每次计数从0递增到ARR后溢出并重新计数，这个周期决定了''PWM信号的总周期时间''。