annotate-colour: dodgerblue
created: 20241129010203392
difficulty: 3.157306
due: 20250813032402669
elapsed_days: 38.11748795138889
lapses: 0
last_review: 20250113032402669
modified: 20250815032534829
reps: 3
scheduled_days: 212
stability: 211.81502062301982
state: 2
tags: 想法
title: 艺术人生

[img[写真艺术而不涩.jpg]]