annotate-colour: green
created: 20241129010203392
difficulty: 3.9994
due: 20241228003451712
elapsed_days: 6.980444305555555
lapses: 0
last_review: 20241206003451712
modified: 20241129010256309
reps: 2
scheduled_days: 22
stability: 22.338501155304716
state: 2
tags: 想法
title: 艺术人生

[img[写真艺术而不涩.jpg]]