annotate-colour: dodgerblue
created: 20241124010423645
creator: mxlcola
difficulty: 2.31442
due: 20260421023412999
elapsed_days: 74.60084744212963
lapses: 0
last_review: 20250215023412999
modified: 20241124010526064
modifier: mxlcola
reps: 3
revision: 0
scheduled_days: 430
stability: 430.1402129106563
state: 2
tags: 减肥
title: 节食减肥的后果？
type: text/vnd.tiddlywiki

节食减肥几乎所有人的体重都''反弹了''，甚至更胖。更糟的是，一旦[[新陈代谢率]]变低，减肥会变得困难得多，而增加体重却完全不费劲。


