annotate-colour: dodgerblue
created: 20241124010423645
creator: mxlcola
difficulty: 3.148
due: 20250128120859781
elapsed_days: 8.43180931712963
lapses: 0
last_review: 20241202120859781
modified: 20241124010526064
modifier: mxlcola
reps: 2
scheduled_days: 57
stability: 57.21011087435618
state: 2
tags: 减肥
title: 节食减肥的后果？
type: text/vnd.tiddlywiki

节食减肥几乎所有人的体重都''反弹了''，甚至更胖。更糟的是，一旦[[新陈代谢率]]变低，减肥会变得困难得多，而增加体重却完全不费劲。


