annotate-colour: dodgerblue
created: 20241130093917957
creator: mxlcola
difficulty: 2.31442
due: 20260317012417222
elapsed_days: 67.50292710648148
lapses: 0
last_review: 20250216012417222
modified: 20250216012416502
modifier: mxlcola
reps: 3
revision: 2
scheduled_days: 394
stability: 393.7416585878668
state: 2
tags: 《住宅区的两人》 想法
title: 衣服和面貌真的可以体现一个人的生活状态啊

喜欢小奈 松弛的打扮