annotate-colour: dodgerblue
created: 20241130093917957
creator: mxlcola
difficulty: 3.148
due: 20250130132004321
elapsed_days: 7.397351539351852
lapses: 0
last_review: 20241210132004321
modified: 20241130134325587
modifier: mxlcola
reps: 2
scheduled_days: 51
stability: 51.35797925633587
state: 2
tags: 《住宅区的两人》 想法
title: 衣服和面貌真的可以体现一个人的生活状态啊

喜欢小奈 松弛的打扮