annotate-colour: dodgerblue
created: 20241102134934493
creator: mxlcola
difficulty: 2.31442
due: 20251210064356946
elapsed_days: 56.771364606481484
lapses: 0
last_review: 20250106064356946
modified: 20241110121310340
modifier: mxlcola
reps: 3
revision: 0
scheduled_days: 338
stability: 338.3333885844884
state: 2
tags: ? 想法
title: 被误解的兴趣

要回答什么是兴趣的问题，先思考什么不是兴趣？

休闲、娱乐消遣不是兴趣，三分钟热度不是兴趣

真正的兴趣，是需要巨大的时间和精力投入，需要付出巨大努力的