annotate-colour: dodgerblue
created: 20231203034228968
creator: 老乐
difficulty: 3.148
due: 20250115140532260
elapsed_days: 6.512571574074074
lapses: 0
last_review: 20241130140532260
modified: 20231203034241831
modifier: 老乐
reps: 2
scheduled_days: 46
stability: 46.25691530248058
state: 2
tags: 减肥 长期主义
title: 认清减肥是个长期的过程
type: text/vnd.tiddlywiki