annotate-colour: dodgerblue
created: 20231203034228968
creator: 老乐
difficulty: 3.148
due: 20250128120844511
elapsed_days: 8.431463368055555
lapses: 0
last_review: 20241202120844511
modified: 20231203034241831
modifier: 老乐
reps: 2
scheduled_days: 57
stability: 57.208173613546066
state: 2
tags: 减肥 长期主义
title: 认清减肥是个长期的过程
type: text/vnd.tiddlywiki