annotate-colour: dodgerblue
created: 20231203034228968
creator: 老乐
difficulty: 2.31442
due: 20260421023351393
elapsed_days: 74.6007741087963
lapses: 0
last_review: 20250215023351393
modified: 20251216113145844
modifier: 老乐
reps: 3
scheduled_days: 430
stability: 430.1387749271528
state: 2
tags: 减肥 长期主义 ?
title: 认清减肥是个长期的过程
type: text/vnd.tiddlywiki

乐天的减肥时间300天、60斤