annotate-colour: green
created: 20250710122022166
difficulty: 4.93
due: 20260511071619686
elapsed_days: 79.89207340277778
lapses: 0
last_review: 20260307071619686
modified: 20250710122422180
reps: 3
scheduled_days: 65
stability: 65.06260256860371
state: 2
tags: GPIO ?
title: 设置GPIO输出速度，实际改变了什么？
type: text/markdown