annotate-colour: green
created: 20250819144338714
difficulty: 6.791199999999999
due: 20260320071532606
elapsed_days: 79.89132534722222
lapses: 0
last_review: 20260307071532606
modified: 20250819144803935
reps: 3
scheduled_days: 13
stability: 12.729071829329628
state: 2
tags: GPIO ?
title: 请简述 GPIO的八种模式及其典型使用场景
type: text/markdown