annotate-colour: dodgerblue
created: 20241108142509265
creator: mxlcola
difficulty: 3.148
due: 20241123123626606
elapsed_days: 0.00009530092592592592
lapses: 0
last_review: 20241115123626606
modified: 20241115123617702
modifier: mxlcola
reps: 2
scheduled_days: 8
stability: 5.800631770624152
state: 2
tags: Kindle ?
title: 贝索斯对 Kindle 的期待

有朝一日，当人手一台电子书阅读器时，传统图书出版业会像 CD 和音像店一样走向灭亡。

据说贝索斯把亚马逊图书业务的负责人叫到办公室，对他说「你的任务，就是毁掉你的生意」「让全天下卖纸质书的人都失业」。