annotate-colour: dodgerblue
created: 20250326140237016
difficulty: 3.148
due: 20250523003544385
elapsed_days: 5.782926215277778
lapses: 0
last_review: 20250411003544385
modified: 20250327082720530
reps: 2
scheduled_days: 42
stability: 41.98241364327049
state: 2
tags: ?
title: 进程堆栈指针（PSP）
type: text/markdown