annotate-colour: green
created: 20250326140237016
difficulty: 3.16582
due: 20251209135152884
elapsed_days: 67.55287615740741
lapses: 0
last_review: 20250617135152884
modified: 20250617135152177
reps: 3
scheduled_days: 175
stability: 174.80444573246575
state: 2
tags: ? 堆栈
title: 进程堆栈指针（PSP）
type: text/markdown