annotate-colour: dodgerblue
created: 20250326140237016
difficulty: 2.3320618000000004
due: 20290910071104288
elapsed_days: 262.7216597685185
lapses: 0
last_review: 20260307071104288
modified: 20250617135152177
reps: 4
scheduled_days: 1283
stability: 1283.0201271669132
state: 2
tags: ? 堆栈
title: 进程堆栈指针（PSP）
type: text/markdown