annotate-colour: dodgerblue
created: 20250617114649422
difficulty: 3.148
due: 20260401034121489
elapsed_days: 54.57398922453704
lapses: 0
last_review: 20250811034121489
modified: 20250617114757092
reps: 2
scheduled_days: 233
stability: 232.86535115625713
state: 2
tags: ?
title: 通用 MODBUS 帧

MODBUS 协议定义了一个与基础通信层无关的简单协议数据单元（PDU）。特定总线或网络上的 MODBUS 协议映射能够在应用数据单元（[[ADU]]）上引入一些附加域。

[img[通用 MODBUS帧.png]]