annotate-colour: dodgerblue
created: 20250407144326864
difficulty: 2.31442
due: 20290811035456021
elapsed_days: 261.6229758912037
lapses: 0
last_review: 20260201035456021
modified: 20250407144442480
reps: 3
scheduled_days: 1287
stability: 1286.576870095255
state: 2
tags: 重定位 ?
title: 重定位基本概念
type: text/markdown