annotate-colour: dodgerblue
created: 20250407144209359
difficulty: 3.148
due: 20251114125859869
elapsed_days: 37.51066353009259
lapses: 0
last_review: 20250515125859869
modified: 20250407144321078
reps: 2
scheduled_days: 183
stability: 183.04894555095154
state: 2
tags: 重定位 ?
title: 重定位类型
type: text/markdown