annotate-colour: dodgerblue
created: 20250407144209359
difficulty: 3.148
due: 20251117035345950
elapsed_days: 38.13203020833333
lapses: 0
last_review: 20250516035345950
modified: 20250407144321078
reps: 2
scheduled_days: 185
stability: 185.1047362627979
state: 2
tags: 重定位 ?
title: 重定位类型
type: text/markdown