annotate-colour: dodgerblue
created: 20250407150205582
difficulty: 3.148
due: 20251113040007080
elapsed_days: 37.13672974537037
lapses: 0
last_review: 20250515040007080
modified: 20250407150443901
reps: 2
scheduled_days: 182
stability: 181.80178293588492
state: 2
tags: 重定位 ?
title: 重定位过程的三要素
type: text/markdown