annotate-colour: dodgerblue
created: 20250407144209359
difficulty: 2.31442
due: 20290811035514852
elapsed_days: 261.62239564814814
lapses: 0
last_review: 20260201035514852
modified: 20250407144321078
reps: 3
scheduled_days: 1287
stability: 1286.5761223823692
state: 2
tags: 重定位 ?
title: 重定位类型
type: text/markdown