annotate-colour: dodgerblue
created: 20250407150205582
difficulty: 2.31442
due: 20290416101202519
elapsed_days: 238.25828054398147
lapses: 0
last_review: 20260108101202519
modified: 20250407150443901
reps: 3
scheduled_days: 1194
stability: 1194.4846207513212
state: 2
tags: 重定位 ?
title: 重定位过程的三要素
type: text/markdown