annotate-colour: dodgerblue
created: 20250407144326864
difficulty: 3.148
due: 20251117035342118
elapsed_days: 38.13207752314815
lapses: 0
last_review: 20250516035342118
modified: 20250407144442480
reps: 2
scheduled_days: 185
stability: 185.10489201957301
state: 2
tags: 重定位 ?
title: 重定位基本概念
type: text/markdown