annotate-colour: dodgerblue
created: 20250407144326864
difficulty: 3.148
due: 20251114125750905
elapsed_days: 37.50995700231481
lapses: 0
last_review: 20250515125750905
modified: 20250407144442480
reps: 2
scheduled_days: 183
stability: 183.04659622581386
state: 2
tags: 重定位 ?
title: 重定位基本概念
type: text/markdown