annotate-colour: dodgerblue
created: 20250407150705017
difficulty: 5.7021999999999995
due: 20250520035332205
elapsed_days: 0.9274993171296296
lapses: 1
last_review: 20250516035332205
modified: 20250515035921221
reps: 3
scheduled_days: 4
stability: 3.1579450234396838
state: 2
tags: ?
title: 链接地址
type: text/markdown