annotate-colour: dodgerblue
created: 20250407150705017
difficulty: 5.7021999999999995
due: 20250519125656300
elapsed_days: 0.30486152777777775
lapses: 1
last_review: 20250515125656300
modified: 20250515035921221
reps: 3
scheduled_days: 4
stability: 3.1579450234396838
state: 2
tags: ?
title: 链接地址
type: text/markdown