annotate-colour: dodgerblue
created: 20250407150705017
difficulty: 4.843077999999998
due: 20251229145259927
elapsed_days: 69.08059753472222
lapses: 1
last_review: 20250723145259927
modified: 20250723133756966
reps: 4
scheduled_days: 159
stability: 159.25983576058982
state: 2
tags: ?
title: 链接地址
type: text/markdown