annotate-colour: red
created: 20250407150705017
difficulty: 5.7021999999999995
due: 20250515054256262
elapsed_days: 37.20796738425926
lapses: 1
last_review: 20250515053756262
modified: 20250515035921221
reps: 2
scheduled_days: 0
stability: 3.1579450234396838
state: 3
tags: ?
title: 链接地址
type: text/markdown