annotate-colour: green
created: 20250407150705017
difficulty: 4.843947219999998
due: 20270602071835547
elapsed_days: 226.68444001157408
lapses: 1
last_review: 20260307071835547
modified: 20250723133756966
reps: 5
scheduled_days: 452
stability: 452.26872089606064
state: 2
tags: ?
title: 链接地址
type: text/markdown