annotate-colour: dodgerblue
created: 20250515035248327
difficulty: 3.2357139999999993
due: 20271107061132873
elapsed_days: 153.69006570601852
lapses: 0
last_review: 20260105061132873
modified: 20250723145940545
reps: 4
scheduled_days: 671
stability: 670.7678528323356
state: 2
tags: ?
title: 高阻态
type: text/vnd.tiddlywiki

指的是电路的一种输出状态，既不是高电平也不是低电平。

如果当上拉管和下拉管都截止时，输出端就相当于[[浮空|浮空输入]]（没有电流流动），其电平随外部电平高低而定，即该门电路放弃对输出端电路的控制 。