annotate-colour: dodgerblue
created: 20250515035248327
difficulty: 4.078599999999999
due: 20250919133751197
elapsed_days: 8.035087789351852
lapses: 0
last_review: 20250804133751197
modified: 20250723145940545
reps: 3
scheduled_days: 46
stability: 45.72516216667952
state: 2
tags: ?
title: 高阻态
type: text/vnd.tiddlywiki

指的是电路的一种输出状态，既不是高电平也不是低电平。

如果当上拉管和下拉管都截止时，输出端就相当于[[浮空|浮空输入]]（没有电流流动），其电平随外部电平高低而定，即该门电路放弃对输出端电路的控制 。